429368732
826717806
2063691492
2049789619
2378590041
3491996797
3459216130
3132472663
2729029026
191633417
2009316361
757730086
2998473393
1224921579
142791764
2033693367
3315472347
1469540914
659008860
150966409
3825594634
639362682
2835815078
2510271596
4211900160
2122003935
258732873
527004975
439289379
1828245146
3998847493
726607935
1110394678
3749750723
1216014104
3464111365
982383381
1382588904
3387067319
1538433559
2409627586
3406166445
2856761314
2855388329
1926384142
81987591
1878446202
2591034511
1927967008
1860689849
2807406225
4079490988
3295696135
4012595337
1222644437
3936059534
2464414872
3906927306
2424125918
2505659093
4047395050
426060743
3384158082
1061218868
4091274794
880654756
421097095
2640234952
82732601
306739492
296136729
1298475173
2789004989
1442871733
456592655
1382886001
948831904
1813585259
3247512165
1640473074
2411497619
1959186431
934077257
3919478465
2856221576
3454046688
1280039037
80138111
3428416581
3385110420
1566979655
1937706914
363479466
4256261076
2470128744
1107785285
3035478011
78167684
62396134
436159138
1465534158
2607215911
3939954580
2455329818
722416189
2512812130
1232229663
1239896940
3529798787
367721673
1810036933
696446012
2938896811
2037098389
1671463203
3146301532
1479749309
2783001439
2399449101
3747665662
2338695801
1138777024
104635229
3252780039
4023752653
414765328
1725735692
3906249398
3001917721
2920781868
3770159530
2685775291
77801664
1587348373
1461541464
538499195
33324713
2439419473
4234627223
2626305129
3839410454
1009226200
680411833
1694820680
1707154739
1966822756
517444874
3372939381
1392299557
666708794
1198965632
1934500254
1636265587
2772265730
1438220020
3556481127
901865544
1054679831
519867200
1383756049
1825603908
2221311881
3519518174
595753002
592396269
2471539085
657750615
3680540116
220263876
2703654740
631088275
2282081701
3156592487
3861440708
3241365524
3342638338
3747573106
2055942486
1152566044
593927650
59906373
3685869292
79177540
2846525167
3639084613
2131108728
1386690053
1161007773
2211544377
3909292282
1409698243
3447481705
2557156306
534820554
608861085
4236110185
583573529
1463330793
3330317738
3375659221
3720509161
476088337
1038808776
1677587763
1670447088
1259266596
746561653
508584207
1062121466
1389493396
394911451
457584780
1579402920
628170995
2051570017
3048537894
2206074290
2554705047
700186810
3341228845
2255803995
1749700422
3802097431
3611206097
563580091
1448069893
877689362
2180527488
3948939513
3845632821
1698981126
3338063598
3063832802
3747492692
1323455091
811309948
1490400374
3548743653
262276361
3899093239
3987375522
3069582223
4155056002
3357436142
116554405
830719812
2139725529
3249179385
1614652593
1736445694
2300477165
1077377451
2254161856
4097778652
2927101820
2480069896
3936608102
1530088146
2829269102
3459078045
1018576201
1835081995
2494021422
3284572189
2410711
1630076589
1568390015
2285593113
1669067500
1141918793
1657109886
3539272482
1511291571
3659797146
3570597403
2536489846
1298482479
1840016405
1533652636
3393655990
1042575825
3573913120
2750295537
3411550960
3818589225
1125586016
206135855
2339704638
296810828
2696270930
2755796430
3220913826
186634402
2399709405
3482477562
3869528003
133013537
900133850
2898020047
2921809014
3707345503
1483822212
3611329801
1603237309
570436001
2709460803
2218932566
271252602
2030174308
753222597
2623862582
4092681333
1487515317
939379799
348695829
4204659174
2346302345
1537934985
3979669880
1132055713
2753356335
3848923701
538557994
3561639244
3166361241
2756315777
57851492
626258974
535297967
654506198
3852098760
2465993323
1009555127
3615367788
376865708
1557528545
958515838
615641828
4246321169
3891810332
2392286291
3633002086
296431065
2418028168
1894028344
3442986401
3232037459
1565347895
1747907692
153904379
587832958
2393086040
3680668672
1077831425
2579378836
461248920
2947972579
444329890
2431768114
2624981233
4052820519
2474869643
1098364987
3397318181
3275066212
1914434564
3313092384
350329542
2577590558
1732502077
454525327
3772024632
617509733
1891424664
3265941423
2107771039
1240453067
824642989
4176440487
1900706444
2803092051
2900181182
224902214
3085765552
2890731977
3620059144
1725918705
3781477080
855104649
839636935
833074466
2479014838
2432068449
1095191642
2745557521
1287813893
3673065851
1637321958
2276086360
2695772640
2704960154
1005654105
224743920
511904839
1356460830
4003315124
2854313706
746243850
3072189444
2688510989
1437389998
2615508305
2549214049
1880606449
4093110244
165457489
325503917
3244128149
3420453325
644187439
3060696882
1399843976
3669504187
3283051348
1104400047
1068332955
782213449
476827787
1095014985
1817918708
1570385469
1766723838
878566306
1300129944
136364732
1745175264
699187447
1187242068
124682547
3574722554
3946204279
3382300065
551907538
1247480500
2259911548
3738592336
1493734582
1422221715
2193837457
3035185977
3891914725
2863058260
88975253
1839265311
1536916162
4145714653
1288376753
1250022865
827232416
2959996875
3287088564
1574995242
688931405
20755247
3631168229
3149836502
498426636
1912447072
1984969375
189504476
1163055756
115049079
1839431254
3899337008
1012778062
3011079947
2255518226
454428231
1542555118
2375105192
3740358299
2624448607
1658370341
415111146
628252371
4252143195
2198424880
1641371664
507221934
4159820301
2773887809
19497280
1189407125
4195290148
3022001738
512086722
2200662629
546466004
2930870525
238413489
30982505
2123355074
1906399783
3478290074
2590259932
3665183947
1473869021
1204046875
3676227599
2115824307
1134556799
1894456377
473117631
4195009329
3414235068
1326774769
1889203611
2959809732
2643986472
4145375157
2981105304
2275105354
3086508162
1938262468
4194373770
3046387540
794287439
2510789419
1068192417
2711456941
1840786157
3945187654
717768409
4172766595
2658173850
1429037406
1654783309
743986668
2319555727
3009158769
1062579160
2442811563
3131087105
39338709
3673696970
3784753195
2371625735
2953073331
554845905
91232957
1982237293
794690334
1109477094
2480354313
324024253
3872355749
4064315158
3483292810
3025902077
1039653710
4075693330
478492944
588395678
3368397941
12503706
3486687439
527752724
90436869
1748472933
3486826578
4270136602
1252522017
1193755996
2110193733
3923936479
2847771364
2808593517
75815587
95660269
2567641263
3579611894
3106579004
1111908516
3068766121
813840383
3548950752
3569359663
2294251519
1386796165
1723005436
960902947
508306844
3933809675
2047454304
824122647
4204716207
583534193
477745546
3924531331
906199128
2632684633
276494947
2113602265
1125707992
1372966315
967824859
3541298770
303657778
1563159691
3756059884
875034142
1592451276
1648204860
1910517330
409303947
4032674263
44181718
2123608011
3474579903
2768919323
641375676
3679808623
4122498321
1787176662
1843837638
489097737
4136264537
2907390767
3257622048
3914245689
2766753725
152993177
1766773246
351168319
2190520522
1745010777
163031307
129548618
2740091352
3858602986
56538298
2869817618
2189303303
2980342162
1374973049
3302020388
3237270932
59098875
2680858943
2561394837
2406891851
1132044226
800605852
114190165
4168023177
2081279107
4211655604
2270166233
241082304
272290884
2032273208
2971216515
1437730716
2947744697
2579258301
3756212264
1471508420
2147675080
1029861797
1691878032
1864301798
2930518966
2309524371
3109804714
3502224781
44886930
2037048848
493338249
892014548
705328693
3727910850
2095138369
587790033
699981064
3932580478
884362005
222737970
1068803636
3717058668
172145031
4238259418
3971849464
3041333530
3527671468
3296797769
641668448
602820286
2170429977
2279290751
882052588
308889279
2306082110
717293057
1786983899
1943707050
2318538815
3017462059
3987806145
3056871175
4049738397
361424421
3112478193
253417049
2193635703
4158402407
901239603
2454988424
412462802
1351032887
384093199
2906119383
2798451293
1560896178
691594268
983757093
21530385
3839828678
4188403378
3524690768
2273507473
1912350997
2482353302
3960393605
3203585477
3952898679
4215455166
873748739
554778688
804465566
247677236
2050858054
4258682746
3866596775
475392228
3856944838
25400747
2720746124
663204985
1850277557
1376447296
3089600459
2918224651
4181696426
3083339536
2183530534
3840042649
3211874391
3435174947
1524506249
1029443201
1345081335
2206747439
2916945301
2622526838
1952948053
4232685331
2815688937
1597391975
686742541
111100269
28079807
4217474389
229989122
794492430
3514595015
2300021471
2298415007
3300178122
2872362692
89239405
3974196056
2942805257
4035434736
383856861
1551611562
1604942580
101071836
1085488957
173017763
937299646
1988707538
3611506637
2585053881
994223856
3968809724
4209549123
2414180791
1913722520
4107033900
2203541589
189979583
3475385508
2404930110
3750230033
2180862191
1571464903
3763327883
2891394782
220227458
4251287997
2076467460
1434298065
3767491230
1115950705
2847698542
1033771836
251140986
2629430493
975782675
2470781709
2743432050
420216652
2482749054
1097872632
694816965
3059420648
2926294191
3075336720
2423521481
1310455631
608769012
754938443
2359430688
3224366992
561208071
2201303410
2518252761
4072259860
632816450
1289958036
1744169035
2931644310
827322628
1603269846
95067422
1398354565
1619833189
1190722432
2400863931
350370676
918831524
2237475272
3632278019
1783985508
1439440623
1187835499
109819178
891173831
1555625070
1628279710
341064893
990100426
3187548660
2568003859
851331863
447438078
2403670914
1123244656
3501842272
3131880066
1367920474
1203196845
753247881
139578945
1140443847
251979929
3553892667
1255775801
3608837999
988888190
3611398182
452893918
4278267968
3785816167
381094557
2667607965
368742016
1246383168
347655063
2525746425
2890972060
2386873404
223195723
636904654
1996530745
3594211190
2467763372
376254457
3667728829
1204544006
3753870044
472469603
963780355
4215296053
3362796839
235893077
2840389701
1676611070
3559005653
3418513314
458259127
2301178164
1232468645
394143789
956481987
668239550
1756870084
852773484
4023157973
1542961038
1405865634
1909462582
2298809189
1429785027
1887577766
4275994287
3843190068
2489943064
1577037724
3765179225
1960950507
1343569674
3719674008
487560476
840028414
788504305
1810789159
1921545820
134827591
1992423932
2398429009
1676838949
311808312
2655182149
959269130
190174362
431024976
574649293
2311631124
621790741
3582066306
3963529299
2343426558
51155026
917363300
1345361088
2649559817
2593862720
563982038
3270268906
3483550882
4022371448
1307537823
3002610805
2940058154
2508116604
3564000752
1179206349
905196240
2378832242
1005049750
2764030994
222297663
1614950982
3366740461
828007875
157147236
4083792243
3951588773
3279726959
2781510566
794821230
978516929
1656161052
443684957
4084951941
1299170243
1110606152
2842502094
3901023381
2629306222
1298983826
2620006804
1969346080
271689979
3119930843
1313266018
1053477805
691405254
325750308
3434017096
3945903481
2579776155
3068024855
459377061
1359072121
1766970208
1043916319
2088559687
1564291007
3000925842
2570305398
3938910243
1925874842
3433832234
1735935299
2513825455
873641489
3283860939
4077439506
3066463022
2642950609
735541521
3549998811
305126428
2240214767
3817295080
2487310068
2540251591
763217981
1885523453
3334874166
2678942606
3402503229
3426761921
3751588114
303775397
907610899
3375267713
1439147662
2230298329
2054311368
1681995404
1697027445
512689591
3907249576
2478178297
1192039490
3789670179
2975198238
746711946
891723174
2488570489
2864015463
1082652642
3520665408
2297358371
3618360302
1480338859
1753999871
1444853812
1981678634
4205435916
1847878155
2319128319
1541095224
3217204016
2006085768
2253918378
3735349625
1950153515
4090548900
625560018
1536214541
399744240
358135460
3288439936
2431911880
3981966924
2808242227
695110634
301526683
3424128216
2016350298
1505858168
3464163591
2084165682
1727818680
2429817516
2521401529
3924739033
4073174546
2789798677
3827646627
1148404242
2687399718
1907438224
608954369
2640995954
29353954
3649754165
1091176851
1300738502
1793969740
1070431974
2405019567
3382558202
3109255459
3799151905
120276155
4193017950
3986401099
4026081499
854495369
3768915676
4071104472
1976266572
3903745123
1915503361
1958760796
3316434397
1063523280
2991358536
863631068
4176156601
2855215418
4063099361
333663059
729881599
3110983460
3486166156
2668593093
3667340169
3728548193
930021750
397220998
1332555496
2796486225
640873531
1894988717
1132201630
3652376915
1678296011
3454119466
88757307
3592909660
3357046798
3005188084
2296726757
2744273802
1063509157
2841930621
2767044717
3634244355
3100569112
3092568639
3211465065
3315106127
289125088
284935575
74220153
516653524
504451779
3493272678
2401090899
2238672649
3537146818
3002352049
3003450506
990299314
2868444637
618293310
1210738432
3480963431
2567380110
2235604015
3587148249
400044265
1788739249
112662825
343507608
4058887156
1443766254
2211671047
21435488
1751536937
963005218
439867289
1106582409
351550545
3768293194
4092110007
196664397
3095658303
4290402100
1817570655
3543676357
962350383
1450404603
737213628
2677131637
774127552
4217009242
1567213106
817798507
1736718751
500648265
3613556239
757209541
2267427321
1905656821
3442423714
902236596
1513297607
3966143731
1956638293
3962259917
2674409907
2088532603
2273007192
3561521569
415410973
329420416
3031987933
3440042483
1466080751
3792044814
213789545
1944606145
2988412021
1638687466
3293183640
1333010804
2500706899
2408142671
214117869
268649436
3680625337
2232646503
2270844615
2986185065
273626186
3897054718
3537152726
3045001948
4222771317
2014237972
809582784
3168768021
411979229
1715451410
1152776760
3429412291
2357137510
1581929946
3603132872
1960189242
695905281
1707799441
1379855669
520191147
2010709501
3247248219
85389716
3067118482
3052452359
255569676
102077668
46018718
571201777
2252480822
1806727110
1375647901
1614069228
3384397826
324017267
1215660757
2195299576
2225784483
1578398669
3644830885
153038817
960598560
3430685627
4084999737
2891337707
2250927517
4081326797
3360995675
2492771741
2954292650
2564452907
1205738226
59633027
1268254396
3312864826
1655894270
46786324
2731691561
3138685559
3957041752
2457639607
3390101960
568755269
960945361
3240348165
824189711
10111465
126417897
3869579108
941063331
2273799387
4015128315
1608142638
940310011
1397662552
1316979685
2576659294
471133638
993726616
1696204870
832324926
858956562
1593755505
1753951313
1580789407
3785673239
1730021274
3846328561
375380323
45199282
236478162
3991681974
3277134436
3910094897
1381670680
2957335134
3967698702
691607594
1100599254
3650313976
1019194002
2255222207
3785403687
2856265785
127457669
1543465142
1595677339
808839469
564502426
647027386
379625450
3633551258
1963591370
4030779605
2426290707
1445755158
295152346
1762069998
3165497078
3983211331
2414442627
1064891653
2462439591
3301883225
3381601985
3822754586
3017711056
3548876776
1955036289
1266515853
4137667970
3263186372
1912377809
3577226395
3108196044
1107061842
87006798
3826415886
3102104796
2177717175
1579726706
2982143232
3585438853
1940316134
1489412784
1014482705
3530369454
2920279064
2419434037
1654461931
2226259730
3780606326
1187459332
602284508
2867349948
1112233338
2292250932
736095577
414325128
4087243410
1018622693
627422128
3513470143
4034151400
48448938
3055783648
678762567
1612710480
1052209426
3921797851
2013974379
1108238006
905371620
2971414213
1120582154
3149238575
4284872451
3304600028
73938325
3169956806
2595828580
2970941251
3085063992
2818612228
2029323792
1849817961
3383429428
2726543882
1983522060
3732570312
996922857
3175174059
257628559
4037551072
1479645866
3403965224
3686300587
3138147608
2140481987
4087132053
3983426686
108387516
1658504787
767743222
3736646055
2058481183
1870918322
213569573
1926205986
3833751805
644596931
1292729043
1380676709
1629505584
2071823221
2046382863
3083565256
565904246
1591391699
2259513714
1401150550
3043905949
1641720918
2872282071
1708863570
3421841247
2268922617
265896392
2877592014
2635775106
2230507158
3429756540
4218526070
1553744404
3116259919
1937511844
521564874
2782886724
2741877326
565998632
1422502999
2626316649
2078019482
424998518
1819794981
3659959985
1634077343
279746254
3756963386
20798491
349804161
3775994968
3512060568
3794638186
860932704
1988984484
2089248801
2641684311
626399904
2052736844
333394555
1867244499
632804446
3406311829
3457186229
4193323446
284235623
1658940393
1022515737
1768294304
2298985556
2687652935
2398488637
2368812724
3053333086
3890534245
2270153169
425145542
112209387
739202195
1217369391
1159177824
162927527
2724105911
531590224
1215922395
752787810
2230199578
1538558610
987429490
4175597574
563624480
4003071952
2432584662
1395188080
529362329
849799163
3734821372
3677944174
925404701
167714802
533401933
4087406685
3291014015
523098683
3898109241
3248901955
17484541
2740907509
253096094
3189504162
2017681665
4114461016
2094393060
1819902945
2330659264
3001241543
2102282740
3642306355
3738180244
1420699375
2694171316
2077512569
2895143861
3430939244
957663603
1331644301
2382355657
2710489403
3324958456
3038296792
1724263871
2248602313
663450434
1806868264
1982902880
2692343548
3381919457
3129217863
812866296
3936753982
980840147
19835282
249885535
3285218856
3766825293
2907712936
740371898
3759359847
2244790055
798737064
2075169127
3570062203
1622541337
805199004
2286488176
2443282292
2114901578
375728439
65692153
11619294
3539542757
3274024545
4216066710
930951121
2616489035
1573918061
3238298621
1347696319
2393800779
2547389580
377804880
2513892179
2396765527
977750320
3931549318
1566687380
2948495865
183797908
3836941749
2223119052
776842738
429389594
3696936759
1746563555
870739349
226107191
583066195
1113717667
1548604767
242500830
970419887
1138629385
2015109351
923467604
2851183243
3914628124
4119121583
3570959048
4196432368
2848554508
3501327856
1183015569
185111927
1358142871
3512192055
1968705016
2657536999
3106593403
2713371574
1149154877
1654517938
3870558193
789934329
191099320
2131176029
3829054132
141763660
3735701712
3542653411
2191204914
2410470136
2529540721
1143980113
1643159235
3780641203
3157288439
607868187
260385003
1928289140
2988159336
785913834
3359009281
3146869439
655760672
2796438713
114682056
3542716010
2386203852
3876276251
786327647
623728200
297531920
384248201
3907022472
2908249321
2404647280
3062839211
2483124622
3694324483
1531316887
1127349276
810724918
1631705315
4043949917
784206794
2197417143
93769873
3005941061
2771223228
2126466369
2565355903
267838036
2167554219
1328503509
2737773675
2873300935
1215522950
930404527
2633585145
3843938647
1087403981
3007024560
2048486336
3047408427
174033170
3122007371
1120910138
1610511015
319311971
1783155638
582764504
235839469
348613034
4100563647
232289914
3643900933
3213755565
3865156570
1060087859
2667917231
221660833
2911220090
1246574626
1526280665
1954628633
1259489278
4093841029
1786194127
107505112
3482047976
2672898919
3739815003
3681743583
1028282953
2947920918
185780433
3390031047
3727425991
960127075
4117270609
2718522635
2057110763
2737791158
2659137573
209396078
3362895424
3147230960
1617183042
2441818383
953473565
2709516835
3470828355
55714944
2967504631
3938618444
1014288016
2252908414
4026280592
1105144206
3154025874
2209953437
2933404603
4195870775
930343228
4008086597
2966585103
2561074032
1107882080
2471893293
1109465717
2581416235
1509365749
857120176
2367021279
4166417395
1950660983
1088974097
4000382782
549400204
2853056674
2987715169
2752467206
3396862057
2515122104
4100125995
3598192513
2698721899
2348310450
537009065
2905705034
4006331893
2321047128
1584786965
1946907116
2966867040
4132898628
3641988856
49423128
1309853120
2764729478
2887369029
2241693108
3619849534
588370138
886975607
1536036694
504441853
2214073487
2406375803
4198697928
3427767267
1698415372
1039735389
2428152838
2805944388
1276217939
2435103702
3476030567
3338842796
2717643985
2033392446
316370638
2360309681
2347983428
1812230225
769847112
1774164988
2333276185
1550241611
629024932
968003638
2042856456
3179739183
3855885639
2266715993
1746625572
3323489284
2133657983
2342378301
1135303408
2934754034
3132275745
1166267894
3597750071
2682202324
1441304433
497489846
2172045750
3294623715
3055058737
2459390971
23224910
2091010007
3927578811
868441564
86082188
3552453293
4039839128
2613729218
1274206650
3142355861
2198333528
1551450560
966884447
3700624092
1932455849
2465418310
14587321
1446262162
1372779124
3235934585
2629871714
2579991747
1190255280
628207087
1914648748
4203478200
228475185
3504571458
796226836
1351605852
3505090060
3263083959
4264209806
3855912978
3896171661
3045753058
1922529256
841613429
4127876978
3680445813
2352415211
2139371167
2497010605
337759954
3504388248
2889181443
223435486
3957529363
799772371
3218788254
1787585022
3443785908
2075827908
2350228948
200348882
3629076453
3614620197
778292964
2130084777
1247050383
2447262486
1606342384
122606228
3253341699
1344527090
1618062686
2413319007
1920717273
60505310
3171077505
2845176489
1744671196
3026668951
528807342
2295242766
248143001
2295456692
665826135
1332553608
288386381
1819630326
609784916
318291329
3172581349
1186085427
2273261426
1984724516
3683944718
475912405
1946132656
3608015295
1504125867
2325404116
2248756171
637050962
2494770529
32153345
4196339241
2360114594
2570936107
1714630398
3924573084
3670086026
2043687129
396070053
1397968490
2438523943
1743747437
1063939400
3406790306
2168669015
1572849329
2382469855
159362413
517266095
831592311
3721388951
1777666474
2268048646
626515151
1862737772
709481338
963349776
3264092324
2928369418
3482669464
3186469105
3267163908
2199324714
2513081949
2807548082
1509259734
2186983813
3404163929
1501677042
1028181564
2770131856
1829960558
2960849802
748472595
2844964844
3884527769
1167266799
1940435160
923754943
3218869244
3077711515
1344825429
2851872568
1893486382
1539701945
2177224982
4245480000
1749937257
3679709430
497505525
2260315608
711929070
4170607079
1949937535
60706998
637870322
1626454395
977598826
1939176538
846106293
3933093981
4276209045
2650706051
3737009420
3137033607
3085860345
837455514
3486972176
96205797
3316226752
743754558
28397861
3348915691
3525751418
4181262968
3206123538
3467233189
2370022434
0
