429368732
826717806
2063691492
2049789619
2378590041
3491996797
3459216130
3132472663
2729029026
191633417
2009316361
757730086
2998473393
1224921579
142791764
2033693367
3315472347
1469540914
659008860
150966409
3825594634
639362682
2835815078
2510271596
4211900160
2122003935
258732873
527004975
439289379
1828245146
3998847493
726607935
1110394678
3749750723
1216014104
3464111365
982383381
1382588904
3387067319
1538433559
2409627586
3406166445
2856761314
2855388329
1926384142
81987591
1878446202
2591034511
1927967008
1860689849
2807406225
4079490988
3295696135
4012595337
1222644437
3936059534
2464414872
3906927306
2424125918
2505659093
4047395050
426060743
3384158082
1061218868
4091274794
880654756
421097095
2640234952
82732601
306739492
296136729
1298475173
2789004989
1442871733
456592655
1382886001
948831904
1813585259
3247512165
1640473074
2411497619
1959186431
934077257
3919478465
2856221576
3454046688
1280039037
80138111
3428416581
3385110420
1566979655
1937706914
363479466
4256261076
2470128744
1107785285
3035478011
78167684
62396134
436159138
1465534158
2607215911
3939954580
2455329818
722416189
2512812130
1232229663
1239896940
3529798787
367721673
1810036933
696446012
2938896811
2037098389
1671463203
3146301532
1479749309
2783001439
2399449101
3747665662
2338695801
1138777024
104635229
3252780039
4023752653
414765328
1725735692
3906249398
3001917721
2920781868
3770159530
2685775291
77801664
1587348373
1461541464
538499195
33324713
2439419473
4234627223
2626305129
3839410454
1009226200
680411833
1694820680
1707154739
1966822756
517444874
3372939381
1392299557
666708794
1198965632
1934500254
1636265587
2772265730
1438220020
3556481127
901865544
1054679831
519867200
1383756049
1825603908
2221311881
3519518174
595753002
592396269
2471539085
657750615
3680540116
220263876
2703654740
631088275
2282081701
3156592487
3861440708
3241365524
3342638338
3747573106
2055942486
1152566044
593927650
59906373
3685869292
79177540
2846525167
3639084613
2131108728
1386690053
1161007773
2211544377
3909292282
1409698243
3447481705
2557156306
534820554
608861085
4236110185
583573529
1463330793
3330317738
3375659221
3720509161
476088337
1038808776
1677587763
1670447088
1259266596
746561653
508584207
1062121466
1389493396
394911451
457584780
1579402920
628170995
2051570017
3048537894
2206074290
2554705047
700186810
3341228845
2255803995
1749700422
3802097431
3611206097
563580091
1448069893
877689362
2180527488
3948939513
3845632821
1698981126
3338063598
3063832802
3747492692
1323455091
811309948
1490400374
3548743653
262276361
3899093239
3987375522
3069582223
4155056002
3357436142
116554405
830719812
2139725529
3249179385
1614652593
1736445694
2300477165
1077377451
2254161856
4097778652
2927101820
2480069896
3936608102
1530088146
2829269102
3459078045
1018576201
1835081995
2494021422
3284572189
2410711
1630076589
1568390015
2285593113
1669067500
1141918793
1657109886
3539272482
1511291571
3659797146
3570597403
2536489846
1298482479
1840016405
1533652636
3393655990
1042575825
3573913120
2750295537
3411550960
3818589225
1125586016
206135855
2339704638
296810828
2696270930
2755796430
3220913826
186634402
2399709405
3482477562
3869528003
133013537
900133850
2898020047
2921809014
3707345503
1483822212
3611329801
1603237309
570436001
2709460803
2218932566
271252602
2030174308
753222597
2623862582
4092681333
1487515317
939379799
348695829
4204659174
2346302345
1537934985
3979669880
1132055713
2753356335
3848923701
538557994
3561639244
3166361241
2756315777
57851492
626258974
535297967
654506198
3852098760
2465993323
1009555127
3615367788
376865708
1557528545
958515838
615641828
4246321169
3891810332
2392286291
3633002086
296431065
2418028168
1894028344
3442986401
3232037459
1565347895
1747907692
153904379
587832958
2393086040
3680668672
1077831425
2579378836
461248920
2947972579
444329890
2431768114
2624981233
4052820519
2474869643
1098364987
3397318181
3275066212
1914434564
3313092384
350329542
2577590558
1732502077
454525327
3772024632
617509733
1891424664
3265941423
2107771039
1240453067
824642989
4176440487
1900706444
2803092051
2900181182
224902214
3085765552
2890731977
3620059144
1725918705
3781477080
855104649
839636935
833074466
2479014838
2432068449
1095191642
2745557521
1287813893
3673065851
1637321958
2276086360
2695772640
2704960154
1005654105
224743920
511904839
1356460830
4003315124
2854313706
746243850
3072189444
2688510989
1437389998
2615508305
2549214049
1880606449
4093110244
165457489
325503917
3244128149
3420453325
644187439
3060696882
1399843976
3669504187
3283051348
1104400047
1068332955
782213449
476827787
1095014985
1817918708
1570385469
1766723838
878566306
1300129944
136364732
1745175264
699187447
1187242068
124682547
3574722554
3946204279
3382300065
551907538
1247480500
2259911548
3738592336
1493734582
1422221715
2193837457
3035185977
3891914725
2863058260
88975253
1839265311
1536916162
4145714653
1288376753
1250022865
827232416
2959996875
3287088564
1574995242
688931405
20755247
3631168229
3149836502
498426636
1912447072
1984969375
189504476
1163055756
115049079
1839431254
3899337008
1012778062
3011079947
2255518226
454428231
1542555118
2375105192
3740358299
2624448607
1658370341
415111146
628252371
4252143195
2198424880
1641371664
507221934
4159820301
2773887809
19497280
1189407125
4195290148
3022001738
512086722
2200662629
546466004
2930870525
238413489
30982505
2123355074
1906399783
3478290074
2590259932
3665183947
1473869021
1204046875
3676227599
2115824307
1134556799
1894456377
473117631
4195009329
3414235068
1326774769
1889203611
2959809732
2643986472
4145375157
2981105304
2275105354
3086508162
1938262468
4194373770
3046387540
794287439
2510789419
1068192417
2711456941
1840786157
3945187654
717768409
4172766595
2658173850
1429037406
1654783309
743986668
2319555727
3009158769
1062579160
2442811563
3131087105
39338709
3673696970
3784753195
2371625735
2953073331
554845905
91232957
1982237293
794690334
1109477094
2480354313
324024253
3872355749
4064315158
3483292810
3025902077
1039653710
4075693330
478492944
588395678
3368397941
12503706
3486687439
527752724
90436869
1748472933
3486826578
4270136602
1252522017
1193755996
2110193733
3923936479
2847771364
2808593517
75815587
95660269
2567641263
3579611894
3106579004
1111908516
3068766121
813840383
3548950752
3569359663
2294251519
1386796165
1723005436
960902947
508306844
3933809675
2047454304
824122647
4204716207
583534193
477745546
3924531331
906199128
2632684633
276494947
2113602265
1125707992
1372966315
967824859
3541298770
303657778
1563159691
3756059884
875034142
1592451276
1648204860
1910517330
409303947
4032674263
44181718
2123608011
3474579903
2768919323
641375676
3679808623
4122498321
1787176662
1843837638
489097737
4136264537
2907390767
3257622048
3914245689
2766753725
152993177
1766773246
351168319
2190520522
1745010777
163031307
129548618
2740091352
3858602986
56538298
2869817618
2189303303
2980342162
1374973049
3302020388
3237270932
59098875
2680858943
2561394837
2406891851
1132044226
800605852
114190165
4168023177
2081279107
4211655604
2270166233
241082304
272290884
2032273208
2971216515
1437730716
2947744697
2579258301
3756212264
1471508420
2147675080
1029861797
1691878032
1864301798
2930518966
2309524371
3109804714
3502224781
44886930
2037048848
493338249
892014548
705328693
3727910850
2095138369
587790033
699981064
3932580478
884362005
222737970
1068803636
3717058668
172145031
4238259418
3971849464
3041333530
3527671468
3296797769
641668448
602820286
2170429977
2279290751
882052588
308889279
2306082110
717293057
1786983899
1943707050
2318538815
3017462059
3987806145
3056871175
4049738397
361424421
3112478193
253417049
2193635703
4158402407
901239603
2454988424
412462802
1351032887
384093199
2906119383
2798451293
1560896178
691594268
983757093
21530385
3839828678
4188403378
3524690768
2273507473
1912350997
2482353302
3960393605
3203585477
3952898679
4215455166
873748739
554778688
804465566
247677236
2050858054
4258682746
3866596775
475392228
3856944838
25400747
2720746124
663204985
1850277557
1376447296
3089600459
2918224651
4181696426
3083339536
2183530534
3840042649
3211874391
3435174947
1524506249
1029443201
1345081335
2206747439
2916945301
2622526838
1952948053
4232685331
2815688937
1597391975
686742541
111100269
28079807
4217474389
229989122
794492430
3514595015
2300021471
2298415007
3300178122
2872362692
89239405
3974196056
2942805257
4035434736
383856861
1551611562
1604942580
101071836
1085488957
173017763
937299646
1988707538
3611506637
2585053881
994223856
3968809724
4209549123
2414180791
1913722520
4107033900
2203541589
189979583
3475385508
2404930110
3750230033
2180862191
1571464903
3763327883
2891394782
220227458
4251287997
2076467460
1434298065
3767491230
1115950705
2847698542
1033771836
251140986
2629430493
975782675
2470781709
2743432050
420216652
2482749054
1097872632
694816965
3059420648
2926294191
3075336720
2423521481
1310455631
608769012
754938443
2359430688
3224366992
561208071
2201303410
2518252761
4072259860
632816450
1289958036
1744169035
2931644310
827322628
1603269846
95067422
1398354565
1619833189
1190722432
2400863931
350370676
918831524
2237475272
3632278019
1783985508
1439440623
1187835499
109819178
891173831
1555625070
1628279710
341064893
990100426
3187548660
2568003859
851331863
447438078
2403670914
1123244656
3501842272
3131880066
1367920474
1203196845
753247881
139578945
1140443847
251979929
3553892667
1255775801
3608837999
988888190
3611398182
452893918
4278267968
3785816167
381094557
2667607965
368742016
1246383168
347655063
2525746425
2890972060
2386873404
223195723
636904654
1996530745
3594211190
2467763372
376254457
3667728829
1204544006
3753870044
472469603
963780355
4215296053
3362796839
235893077
2840389701
1676611070
3559005653
3418513314
458259127
2301178164
1232468645
394143789
956481987
668239550
1756870084
852773484
4023157973
1542961038
1405865634
1909462582
2298809189
1429785027
1887577766
4275994287
3843190068
2489943064
1577037724
3765179225
1960950507
1343569674
3719674008
487560476
840028414
788504305
1810789159
1921545820
134827591
1992423932
2398429009
1676838949
311808312
2655182149
959269130
190174362
431024976
574649293
2311631124
621790741
3582066306
3963529299
2343426558
51155026
917363300
1345361088
2649559817
2593862720
563982038
3270268906
3483550882
4022371448
1307537823
3002610805
2940058154
2508116604
3564000752
1179206349
905196240
2378832242
1005049750
2764030994
222297663
1614950982
3366740461
828007875
157147236
4083792243
3951588773
3279726959
2781510566
794821230
978516929
1656161052
443684957
4084951941
1299170243
1110606152
2842502094
3901023381
2629306222
1298983826
2620006804
1969346080
271689979
3119930843
1313266018
1053477805
691405254
325750308
3434017096
3945903481
2579776155
3068024855
459377061
1359072121
1766970208
1043916319
2088559687
1564291007
3000925842
2570305398
3938910243
1925874842
3433832234
1735935299
2513825455
873641489
3283860939
4077439506
3066463022
2642950609
735541521
3549998811
