473117631,886384204,4195009329,100914,3644830885
429368732,1862569479,826717806,1275192,305126428
3414235068,604349770,1326774769,1805947,153038817
2063691492,316324037,2049789619,1766818,2240214767
2378590041,2200124926,3491996797,1169360,3817295080
1889203611,3122958825,2959809732,6473905,960598560
3459216130,907030126,3132472663,6506085,2487310068
2643986472,1795192968,4145375157,7629840,3430685627
2729029026,4238994163,191633417,5500385,2540251591
2009316361,427479718,757730086,1621013,763217981
2998473393,2948771967,1224921579,579135,1885523453
142791764,851124243,2033693367,1318371,3334874166
3315472347,3267157531,1469540914,925047,2678942606
2981105304,2931591505,2275105354,5831275,4084999737
659008860,3760793593,150966409,1565708,3402503229
3825594634,2805370395,639362682,834742,3426761921
2835815078,3345649985,2510271596,1953793,3751588114
3086508162,420892441,1938262468,10573172,2891337707
4211900160,4018094236,2122003935,10946474,303775397
258732873,712114593,527004975,96922,907610899
439289379,275367824,1828245146,584207,3375267713
4194373770,715406175,3046387540,3982867,2250927517
794287439,4161834132,2510789419,773878,4081326797
3998847493,4019234143,726607935,1362231,1439147662
1068192417,1669097922,2711456941,8082936,3360995675
1110394678,3644634018,3749750723,7754458,2230298329
1840786157,650041208,3945187654,2193598,2492771741
717768409,748498483,4172766595,1169154,2954292650
1216014104,2249996080,3464111365,4549929,2054311368
982383381,540833788,1382588904,1343015,1681995404
2658173850,1962619808,1429037406,3066299,2564452907
1654783309,4066786227,743986668,77172,1205738226
2319555727,2106922501,3009158769,2801783,59633027
3387067319,269848562,1538433559,6778881,1697027445
1062579160,3233720826,2442811563,3557621,1268254396
3131087105,3552724335,39338709,5232535,3312864826
2409627586,2132455461,3406166445,7746899,512689591
2856761314,1422592222,2855388329,806789,3907249576
3673696970,2140632104,3784753195,3109634,1655894270
2371625735,2464171581,2953073331,408660,46786324
1926384142,1481731396,81987591,4291711,2478178297
554845905,276647475,91232957,4852696,2731691561
1878446202,3024726674,2591034511,3694934,1192039490
1927967008,158686862,1860689849,578197,3789670179
2807406225,3995033442,4079490988,702169,2975198238
3295696135,3180443677,4012595337,1416914,746711946
1982237293,1617018894,794690334,6002116,3138685559
1222644437,1610038373,3936059534,2747061,891723174
2464414872,432517232,3906927306,1141390,2488570489
2424125918,646485190,2505659093,147667,2864015463
4047395050,1657435846,426060743,1586309,1082652642
1109477094,1295898214,2480354313,5611533,3957041752
324024253,927298716,3872355749,3460211,2457639607
3384158082,3243164738,1061218868,6713617,3520665408
4064315158,2301980075,3483292810,3751254,3390101960
4091274794,91146774,880654756,3362362,2297358371
421097095,2354917778,2640234952,955060,3618360302
82732601,980565776,306739492,8208355,1480338859
296136729,3390001188,1298475173,1368553,1753999871
3025902077,177095226,1039653710,12408406,568755269
2789004989,2472821421,1442871733,2748734,1444853812
4075693330,1186314266,478492944,10125353,960945361
588395678,300570254,3368397941,1181956,3240348165
456592655,2979705592,1382886001,9419567,1981678634
948831904,217481023,1813585259,1324873,4205435916
3247512165,400470690,1640473074,8308941,1847878155
2411497619,3138670364,1959186431,1254800,2319128319
934077257,1410423758,3919478465,8352051,1541095224
2856221576,346479751,3454046688,1634767,3217204016
12503706,3056921163,3486687439,22400054,824189711
1280039037,2698071851,80138111,887345,2006085768
527752724,441122733,90436869,736400,10111465
1748472933,2350452695,3486826578,139320,126417897
4270136602,1636065720,1252522017,684572,3869579108
1193755996,3775050595,2110193733,4649423,941063331
3428416581,3713507038,3385110420,7940812,2253918378
1566979655,1153992740,1937706914,776919,3735349625
363479466,3750783538,4256261076,3022005,1950153515
2470128744,892588851,1107785285,389976,4090548900
3923936479,2085426125,2847771364,12731216,2273799387
2808593517,1332358369,75815587,3914393,4015128315
3035478011,3368477124,78167684,14602616,625560018
95660269,3012344595,2567641263,3800962,1608142638
3579611894,1263231053,3106579004,2382621,940310011
1111908516,696772529,3068766121,2258799,1397662552
813840383,2125155832,3548950752,1745058,1316979685
62396134,705927273,436159138,7200556,1536214541
1465534158,1472627625,2607215911,1836578,399744240
3569359663,3331556702,2294251519,5608637,2576659294
1386796165,2265297515,1723005436,3069146,471133638
960902947,1172042572,508306844,418997,993726616
3939954580,3373615964,2455329818,7949621,358135460
3933809675,3286697884,2047454304,3700123,1696204870
722416189,4017951089,2512812130,3033160,3288439936
824122647,1070718017,4204716207,2708873,832324926
1232229663,2484470824,1239896940,3023859,2431911880
583534193,1036481626,477745546,2108286,858956562
3924531331,1781737000,906199128,647718,1593755505
2632684633,1567876069,276494947,46148,1753951313
3529798787,866383132,367721673,2016948,3981966924
2113602265,2099695929,1125707992,3359948,1580789407
1372966315,2573634011,967824859,3269623,3785673239
1810036933,1766803576,696446012,8284956,2808242227
2938896811,993776845,2037098389,489295,695110634
3541298770,4116272707,303657778,2070150,1730021274
1671463203,3089808150,3146301532,2268922,301526683
1563159691,1999548198,3756059884,3296578,3846328561
875034142,423920654,1592451276,330774,375380323
1479749309,1021423867,2783001439,5419832,3424128216
1648204860,1514419282,1910517330,4657388,45199282
2399449101,1539472178,3747665662,1093204,2016350298
409303947,3488621009,4032674263,2015074,236478162
44181718,2186131113,2123608011,217294,3991681974
2338695801,1957775933,1138777024,4114508,1505858168
104635229,2304555155,3252780039,6089856,3464163591
4023752653,1833819235,414765328,665263,2084165682
3474579903,3239179785,2768919323,9173278,3277134436
1725735692,3941022390,3906249398,6243371,1727818680
641375676,3253452000,3679808623,8122094,3910094897
4122498321,3073914636,1787176662,543553,1381670680
1843837638,1338532217,489097737,2217993,2957335134
3001917721,318143587,2920781868,5111682,2429817516
4136264537,3990479687,2907390767,1675019,3967698702
3770159530,594686936,2685775291,1754574,2521401529
77801664,3688077295,1587348373,544325,3924739033
3257622048,2568818659,3914245689,2070215,691607594
1461541464,4049880650,538499195,2004128,4073174546
33324713,1559493980,2439419473,1204071,2789798677
2766753725,2428560708,152993177,2082754,1100599254
1766773246,2930468038,351168319,4417353,3650313976
2190520522,70998477,1745010777,819948,1019194002
4234627223,1262326864,2626305129,7461344,3827646627
163031307,3906115831,129548618,6049188,2255222207
2740091352,524783751,3858602986,1929893,3785403687
56538298,1682818801,2869817618,6033463,2856265785
3839410454,289307896,1009226200,14385237,1148404242
680411833,3672976945,1694820680,1004333,2687399718
1707154739,1563178846,1966822756,2035265,1907438224
517444874,217135959,3372939381,1202535,608954369
2189303303,572125100,2980342162,13596167,127457669
1392299557,3132540232,666708794,9509334,2640995954
1198965632,1023237363,1934500254,3562862,29353954
1636265587,4053757863,2772265730,796676,3649754165
1374973049,1421556798,3302020388,9342335,1543465142
3237270932,369367337,59098875,2844591,1595677339
2680858943,4036086798,2561394837,760786,808839469
1438220020,148454911,3556481127,7513005,1091176851
901865544,1010919493,1054679831,727820,1300738502
2406891851,3944717035,1132044226,1455661,564502426
800605852,3116972564,114190165,941057,647027386
519867200,1750513747,1383756049,3376859,1793969740
4168023177,3125769959,2081279107,3327747,379625450
1825603908,3858561298,2221311881,3076685,1070431974
4211655604,1173477546,2270166233,2069418,3633551258
241082304,1653892780,272290884,1372307,1963591370
3519518174,3308371008,595753002,4192374,2405019567
592396269,1933290593,2471539085,1998163,3382558202
2032273208,3882790002,2971216515,7591940,4030779605
657750615,3079690884,3680540116,4140138,3109255459
1437730716,1287329635,2947744697,2353493,2426290707
220263876,4269480678,2703654740,2464744,3799151905
2579258301,1795632000,3756212264,2660206,1445755158
631088275,4201817164,2282081701,1994137,120276155
3156592487,2532804966,3861440708,376543,4193017950
1471508420,4243154280,2147675080,2910145,295152346
1029861797,3642269058,1691878032,132758,1762069998
3241365524,1068792535,3342638338,4358753,3986401099
1864301798,1194418826,2930518966,3604336,3165497078
3747573106,2222489634,2055942486,4045197,4026081499
2309524371,17028931,3109804714,2992825,3983211331
1152566044,308532834,593927650,1695287,854495369
3502224781,83078494,44886930,2718416,2414442627
2037048848,3215855219,493338249,1179196,1064891653
892014548,3938612579,705328693,1731570,2462439591
59906373,899298272,3685869292,5077172,3768915676
79177540,2781277552,2846525167,2083196,4071104472
3727910850,3338188662,2095138369,2727605,3301883225
3639084613,2409550945,2131108728,5254020,1976266572
1386690053,1264917304,1161007773,3255669,3903745123
2211544377,915165697,3909292282,2156085,1915503361
587790033,2242938707,699981064,13248131,3381601985
1409698243,2426859331,3447481705,3174167,1958760796
2557156306,1820868930,534820554,9520485,3316434397
608861085,2083644083,4236110185,237025,1063523280
583573529,1449377179,1463330793,94761,2991358536
3932580478,2748048417,884362005,14004604,3822754586
3330317738,298518887,3375659221,4409349,863631068
222737970,4119452069,1068803636,1835580,3017711056
3720509161,823512382,476088337,3516584,4176156601
3717058668,1876472135,172145031,7313715,3548876776
1038808776,1428068274,1677587763,6484082,2855215418
1670447088,3261609400,1259266596,1346250,4063099361
4238259418,1254895607,3971849464,2242244,1955036289
746561653,14675181,508584207,1680288,333663059
1062121466,2441217437,1389493396,1680136,729881599
3041333530,4022945460,3527671468,4090288,1266515853
394911451,2385207287,457584780,2033994,3110983460
3296797769,1085184899,641668448,8025480,4137667970
602820286,1609061163,2170429977,1398228,3263186372
2279290751,968367140,882052588,1190144,1912377809
1579402920,3850929208,628170995,9535367,3486166156
308889279,705191426,2306082110,2601289,3577226395
717293057,3403360243,1786983899,4627242,3108196044
1943707050,2050841652,2318538815,366799,1107061842
2051570017,3538820998,3048537894,9346927,2668593093
3017462059,688513445,3987806145,2604184,87006798
3056871175,1677439304,4049738397,597215,3826415886
2206074290,1136880361,2554705047,2044052,3667340169
700186810,2302891954,3341228845,2579876,3728548193
361424421,1578672447,3112478193,3562494,3102104796
253417049,54911168,2193635703,3331816,2177717175
2255803995,4170413775,1749700422,8042325,930021750
4158402407,1311609283,901239603,5340204,1579726706
2454988424,3463495632,412462802,2894959,2982143232
3802097431,857256789,3611206097,5214289,397220998
563580091,935982222,1448069893,1237984,1332555496
1351032887,1969707491,384093199,2572986,3585438853
877689362,3809736760,2180527488,5213575,2796486225
2906119383,2324548252,2798451293,6830616,1940316134
1560896178,3667284062,691594268,537411,1489412784
3948939513,121751174,3845632821,6340457,640873531
983757093,2983255036,21530385,4135960,1014482705
1698981126,1184067931,3338063598,514489,1894988717
3063832802,3849496893,3747492692,2816224,1132201630
1323455091,3235540575,811309948,504159,3652376915
1490400374,606351075,3548743653,1187197,1678296011
262276361,1402004190,3899093239,33711,3454119466
3987375522,4147154433,3069582223,257911,88757307
3839828678,2372627300,4188403378,7148374,3530369454
4155056002,105357199,3357436142,2564444,3592909660
3524690768,569141154,2273507473,1826648,2920279064
1912350997,2765118535,2482353302,47974,2419434037
3960393605,956342527,3203585477,2558551,1654461931
116554405,2426343141,830719812,3985525,3357046798
2139725529,1116156455,3249179385,1860993,3005188084
3952898679,2198617704,4215455166,3977994,2226259730
1614652593,21532187,1736445694,1931513,2296726757
873748739,2185104400,554778688,762372,3780606326
804465566,386626271,247677236,3492398,1187459332
2300477165,2518246822,1077377451,9562652,2744273802
2254161856,2430278645,4097778652,1048363,1063509157
2050858054,2363846961,4258682746,7064927,602284508
3866596775,1400527063,475392228,259743,2867349948
2927101820,2271526801,2480069896,1371767,2841930621
3856944838,191002777,25400747,9445465,1112233338
3936608102,3874439200,1530088146,10147801,2767044717
2720746124,2808712107,663204985,2469055,2292250932
2829269102,1263191166,3459078045,9268576,3634244355
1018576201,957800717,1835081995,10344182,3100569112
2494021422,4186124015,3284572189,6550078,3092568639
2410711,4015568730,1630076589,1247130,3211465065
1850277557,3790742061,1376447296,29898569,736095577
1568390015,3815216465,2285593113,6527207,3315106127
1669067500,1934843024,1141918793,3657258,289125088
1657109886,3964048818,3539272482,795087,284935575
3089600459,4079823013,2918224651,10893402,414325128
1511291571,767009569,3659797146,6010354,74220153
3570597403,2365286425,2536489846,302356,516653524
1298482479,2313455628,1840016405,938257,504451779
4181696426,2694730892,3083339536,6556489,4087243410
2183530534,3635105504,3840042649,2526025,1018622693
1533652636,3002079095,3393655990,7661799,3493272678
3211874391,593614335,3435174947,2335604,627422128
1042575825,5850021,3573913120,8892108,2401090899
2750295537,2427547803,3411550960,5248144,2238672649
3818589225,4060164529,1125586016,24067,3537146818
1524506249,3382357767,1029443201,13604169,3513470143
1345081335,2035074066,2206747439,141215,4034151400
2916945301,1119828507,2622526838,1611184,48448938
206135855,2807171102,2339704638,3048285,3002352049
296810828,217114268,2696270930,529086,3003450506
1952948053,2319699225,4232685331,1266725,3055783648
2815688937,1583273210,1597391975,473758,678762567
2755796430,105490520,3220913826,4979019,990299314
686742541,2912815670,111100269,4703875,1612710480
186634402,434830577,2399709405,3609891,2868444637
3482477562,3128684285,3869528003,1066946,618293310
28079807,3850026221,4217474389,5988728,1052209426
133013537,1501190464,900133850,2722017,1210738432
2898020047,2434023152,2921809014,819693,3480963431
3707345503,3202685253,1483822212,723568,2567380110
3611329801,19129464,1603237309,1086257,2235604015
229989122,1128908506,794492430,3546639,3921797851
570436001,1926635042,2709460803,3510749,3587148249
3514595015,1214223317,2300021471,3591668,2013974379
2218932566,3256836841,271252602,1031882,400044265
2298415007,3803546114,3300178122,5094773,1108238006
2872362692,1143465398,89239405,1084494,905371620
2030174308,2670971942,753222597,8408107,1788739249
2623862582,1613841167,4092681333,4684879,112662825
3974196056,505999738,2942805257,14544194,2971414213
4035434736,1610263214,383856861,11387055,1120582154
1551611562,911262828,1604942580,653518,3149238575
101071836,25360617,1085488957,4015285,4284872451
1487515317,3703781007,939379799,27383939,343507608
348695829,2330357120,4204659174,3099928,4058887156
173017763,3987427368,937299646,7839948,3304600028
2346302345,1228506206,1537934985,3725173,1443766254
1988707538,2300317224,3611506637,4106525,73938325
3979669880,857547054,1132055713,5594807,2211671047
2753356335,2600395681,3848923701,21396011,21435488
538557994,834845273,3561639244,489610,1751536937
3166361241,3744792370,2756315777,332184,963005218
2585053881,94637039,994223856,26663252,3169956806
57851492,3951713263,626258974,1808543,439867289
535297967,3493625142,654506198,86580,1106582409
3852098760,3686870305,2465993323,1858568,351550545
1009555127,328443974,3615367788,1870626,3768293194
376865708,3033250097,1557528545,71260,4092110007
3968809724,336825348,4209549123,7042104,2595828580
2414180791,2429058408,1913722520,3893460,2970941251
4107033900,3122746963,2203541589,372721,3085063992
189979583,1160073433,3475385508,3791667,2818612228
958515838,672293247,615641828,11003349,196664397
2404930110,3319460478,3750230033,1310162,2029323792
4246321169,3050596693,3891810332,3011376,3095658303
2392286291,1240400414,3633002086,12237,4290402100
2180862191,2713162671,1571464903,3438272,1849817961
296431065,1101884110,2418028168,2337376,1817570655
1894028344,3448185744,3442986401,73950,3543676357
3763327883,329986599,2891394782,2187509,3383429428
220227458,1739175662,4251287997,4038914,2726543882
2076467460,3141757687,1434298065,583756,1983522060
3767491230,875247246,1115950705,197400,3732570312
2847698542,3330080056,1033771836,2550125,996922857
3232037459,870547926,1565347895,8179927,962350383
1747907692,1263351541,153904379,379051,1450404603
587832958,1079506109,2393086040,1017947,737213628
3680668672,2820623619,1077831425,749055,2677131637
2579378836,399526596,461248920,3936989,774127552
251140986,378012366,2629430493,8729581,3175174059
2947972579,544592264,444329890,5282952,4217009242
975782675,397859171,2470781709,4504183,257628559
2743432050,3727274552,420216652,2733176,4037551072
2482749054,4250479782,1097872632,1673392,1479645866
2431768114,961560762,2624981233,7351419,1567213106
694816965,1026908885,3059420648,3355965,3403965224
4052820519,1564965294,2474869643,2859993,817798507
1098364987,451837888,3397318181,601010,1736718751
2926294191,3640864619,3075336720,3584829,3686300587
2423521481,3460626532,1310455631,345981,3138147608
608769012,3452575260,754938443,135330,2140481987
2359430688,1729672844,3224366992,8591,4087132053
561208071,4116057674,2201303410,250865,3983426686
3275066212,2394435324,1914434564,4656146,500648265
2518252761,2720110720,4072259860,3113616,108387516
632816450,1789596320,1289958036,387472,1658504787
1744169035,7483263,2931644310,1862560,767743222
3313092384,3337378944,350329542,4873909,3613556239
827322628,3316354035,1603269846,2835924,3736646055
95067422,709093096,1398354565,1968609,2058481183
1619833189,3055366301,1190722432,89462,1870918322
2577590558,1806388378,1732502077,6239954,757209541
2400863931,3748662851,350370676,3324887,213569573
918831524,1473309699,2237475272,1717390,1926205986
3632278019,2232381236,1783985508,34099,3833751805
454525327,3514833703,3772024632,4053582,2267427321
617509733,4167603145,1891424664,3571512,1905656821
1439440623,3974954375,1187835499,4639461,644596931
109819178,4095562519,891173831,206301,1292729043
1555625070,2328784457,1628279710,751714,1380676709
3265941423,3029805156,2107771039,5227309,3442423714
1240453067,3442282240,824642989,3225875,902236596
341064893,481256482,990100426,14531565,1629505584
3187548660,300408777,2568003859,821615,2071823221
4176440487,396501936,1900706444,9465154,1513297607
2803092051,2384215829,2900181182,1088040,3966143731
224902214,2541077282,3085765552,1742346,1956638293
851331863,201360298,447438078,4762653,2046382863
2403670914,199300683,1123244656,4428178,3083565256
3501842272,2572834065,3131880066,6259292,565904246
1367920474,3230853888,1203196845,3513900,1591391699
2890731977,919031653,3620059144,16270522,3962259917
1725918705,2688592218,3781477080,966537,2674409907
855104649,2577157388,839636935,1613317,2088532603
753247881,4282124281,139578945,4102154,2259513714
833074466,1780234963,2479014838,3827519,2273007192
2432068449,2548964713,1095191642,553231,3561521569
1140443847,3228362696,251979929,8131156,1401150550
3553892667,2487641451,1255775801,326766,3043905949
2745557521,2386689779,1287813893,6786400,415410973
3608837999,2037439911,988888190,5930205,1641720918
3673065851,1030842803,1637321958,4469623,329420416
3611398182,2904917953,452893918,3885842,2872282071
2276086360,1076564271,2695772640,4414806,3031987933
4278267968,4038331948,3785816167,3104895,1708863570
381094557,1480846347,2667607965,4620555,3421841247
2704960154,801790235,1005654105,8118585,3440042483
224743920,2254307267,511904839,1546106,1466080751
368742016,3831915061,1246383168,4651843,2268922617
347655063,3254589473,2525746425,307805,265896392
1356460830,2377000654,4003315124,1584343,3792044814
2890972060,408915390,2386873404,1170511,2877592014
223195723,2687093336,636904654,893954,2635775106
1996530745,3135590988,3594211190,5734894,2230507158
2467763372,1617181515,376254457,1179506,3429756540
3667728829,4137193971,1204544006,2310960,4218526070
3753870044,933741741,472469603,2072501,1553744404
963780355,1642744464,4215296053,344689,3116259919
2854313706,2595952982,746243850,14072259,213789545
3362796839,2182606923,235893077,2884748,1937511844
2840389701,1150393974,1676611070,2991435,521564874
3559005653,49452761,3418513314,114722,2782886724
3072189444,4126663590,2688510989,8792884,1944606145
1437389998,4074961802,2615508305,1527111,2988412021
458259127,2984437312,2301178164,4784936,2741877326
2549214049,78531914,1880606449,735727,1638687466
1232468645,2772504314,394143789,2264405,565998632
956481987,740240829,668239550,2382345,1422502999
4093110244,3317148472,165457489,4460148,3293183640
1756870084,1319231888,852773484,2517440,2626316649
4023157973,72580948,1542961038,2717679,2078019482
325503917,1719963193,3244128149,12574564,1333010804
3420453325,1713051437,644187439,4931757,2500706899
3060696882,2116989996,1399843976,2991278,2408142671
3669504187,2675905923,3283051348,70463,214117869
1405865634,38275287,1909462582,16645031,424998518
1104400047,220500657,1068332955,1819497,268649436
2298809189,1572036654,1429785027,1295336,1819794981
782213449,1108841020,476827787,805751,3680625337
1095014985,4178020866,1817918708,2332167,2232646503
1887577766,1981552031,4275994287,3112983,3659959985
1570385469,3197880744,1766723838,2577142,2270844615
3843190068,2378223305,2489943064,4239877,1634077343
878566306,430195785,1300129944,7179736,2986185065
136364732,578632350,1745175264,1105571,273626186
699187447,4214185540,1187242068,1089993,3897054718
1577037724,2942580372,3765179225,9125214,279746254
1960950507,832081670,1343569674,445179,3756963386
3719674008,689674019,487560476,377752,20798491
840028414,528271209,788504305,866163,349804161
124682547,3960055530,3574722554,4734367,3537152726
1810789159,2475983455,1921545820,989952,3775994968
134827591,2264317602,1992423932,736728,3512060568
3946204279,1817804462,3382300065,5336992,3045001948
2398429009,1131805040,1676838949,10422879,3794638186
311808312,3720915780,2655182149,365362,860932704
551907538,1562938697,1247480500,7416120,4222771317
959269130,1840130072,190174362,2035340,1988984484
431024976,1909230934,574649293,2864840,2089248801
2259911548,3356492673,3738592336,8594877,2014237972
2311631124,2935331570,621790741,10726183,2641684311
1493734582,3974208334,1422221715,9145821,809582784
2193837457,1833794505,3035185977,202518,3168768021
3891914725,2597429628,2863058260,320943,411979229
3582066306,4235172658,3963529299,11786955,626399904
2343426558,1636012330,51155026,992136,2052736844
88975253,1349586699,1839265311,9984599,1715451410
917363300,1716624504,1345361088,5343171,333394555
1536916162,375145225,4145714653,6843693,1152776760
2649559817,3977764230,2593862720,3503056,1867244499
563982038,3973910278,3270268906,2189851,632804446
1288376753,245186751,1250022865,5197663,3429412291
3483550882,677323,4022371448,2147955,3406311829
1307537823,3893291098,3002610805,885372,3457186229
2940058154,3789899502,2508116604,2415590,4193323446
827232416,1036511490,2959996875,5876600,2357137510
3287088564,1467940794,1574995242,692389,1581929946
3564000752,2804274100,1179206349,6546138,284235623
905196240,625812389,2378832242,1388781,1658940393
1005049750,1178418484,2764030994,670968,1022515737
222297663,1968039470,1614950982,3485729,1768294304
3366740461,1705530741,828007875,506912,2298985556
688931405,3347055224,20755247,17571703,3603132872
3631168229,1766241220,3149836502,1344208,1960189242
157147236,874178968,4083792243,13506083,2687652935
3951588773,2461853859,3279726959,1899654,2398488637
498426636,869365245,1912447072,10056316,695905281
2781510566,2658266945,794821230,8599289,2368812724
978516929,2494404549,1656161052,1601996,3053333086
1984969375,3256883125,189504476,11018948,1707799441
443684957,3660527590,4084951941,6349814,3890534245
1299170243,1135167134,1110606152,5944548,2270153169
2842502094,972523272,3901023381,5290463,425145542
1163055756,3784654851,115049079,15942291,1379855669
2629306222,2793066127,1298983826,9660911,112209387
2620006804,1406666918,1969346080,13042241,739202195
1839431254,1124551574,3899337008,23520500,520191147
1012778062,1899957775,3011079947,1813892,2010709501
2255518226,2500959544,454428231,151656,3247248219
271689979,4232680846,3119930843,4491198,1217369391
1313266018,3060216440,1053477805,2380703,1159177824
1542555118,3710982218,2375105192,3119905,85389716
691405254,1254614971,325750308,1504821,162927527
3740358299,926028533,2624448607,1708094,3067118482
3434017096,3852079800,3945903481,4617601,2724105911
1658370341,964560041,415111146,5256923,3052452359
628252371,4148351383,4252143195,76199,255569676
2579776155,1560435994,3068024855,3534600,531590224
459377061,1394133124,1359072121,787196,1215922395
1766970208,93583657,1043916319,2665793,752787810
2088559687,4044698500,1564291007,6300667,2230199578
3000925842,2731968513,2570305398,238880,1538558610
3938910243,3663406700,1925874842,1259736,987429490
2198424880,854683993,1641371664,14396188,102077668
507221934,1311136247,4159820301,965662,46018718
2773887809,3901305852,19497280,7246776,571201777
3433832234,4141513188,1735935299,11942016,4175597574
1189407125,4143482402,4195290148,3384270,2252480822
3022001738,1652875689,512086722,544392,1806727110
2200662629,372966213,546466004,1193497,1375647901
2930870525,1291215880,238413489,1106564,1614069228
30982505,4007224079,2123355074,10296444,3384397826
2513825455,3563087041,873641489,16299836,563624480
1906399783,3042576342,3478290074,7234441,324017267
2590259932,2845582125,3665183947,1646133,1215660757
3283860939,1907422615,4077439506,6378390,4003071952
1473869021,2935968583,1204046875,14906227,2195299576
3066463022,484588318,2642950609,19139364,2432584662
3676227599,72180382,2115824307,5403592,2225784483
1134556799,489735173,1894456377,4102926,1578398669
735541521,3794043612,3549998811,4521233,1395188080
