1946132656,2230741453,3608015295,6339451,1829960558
1504125867,1048873926,2325404116,30057,2960849802
778292964,268903435,2130084777,8109576,709481338
1247050383,2467398847,2447262486,93748,963349776
1606342384,1755778367,122606228,1216568,3264092324
2248756171,2561583688,637050962,4360146,748472595
3253341699,3659475920,1344527090,1757423,2928369418
1618062686,1520708862,2413319007,3235695,3482669464
1920717273,3592016807,60505310,2377397,3186469105
3171077505,1603129557,2845176489,213826,3267163908
1744671196,698859993,3026668951,5419826,2199324714
2494770529,296243838,32153345,17473242,2844964844
4196339241,1091699233,2360114594,107365,3884527769
528807342,4200563803,2295242766,6101787,2513081949
248143001,904301326,2295456692,140181,2807548082
665826135,1990488615,1332553608,1582772,1509259734
2570936107,4046104071,1714630398,4422054,1167266799
3924573084,842895789,3670086026,8899,1940435160
2043687129,4025428779,396070053,1274590,923754943
1397968490,2944717340,2438523943,1020698,3218869244
1743747437,3684679852,1063939400,7887873,3077711515
288386381,1889928071,1819630326,13057022,2186983813
3406790306,3965394862,2168669015,332703,1344825429
609784916,3237714092,318291329,1850919,3404163929
3172581349,2348343127,1186085427,2160595,1501677042
1572849329,1342337264,2382469855,3967792,2851872568
2273261426,430636893,1984724516,758176,1028181564
159362413,944837479,517266095,1169919,1893486382
831592311,2582865860,3721388951,2836323,1539701945
1777666474,2528872791,2268048646,4537045,2177224982
3683944718,2625985675,475912405,11050350,2770131856
626515151,2835839829,1862737772,5105079,4245480000
