0,515657,0,515657,1338631365
0,1145388,0,1145388,3901672745
0,3994396215,0,1138747,2759879691
0,216646310,0,1134959,1538682701
0,268344,0,268344,3596468184
0,555021,0,555021,2840799409
0,2679881,0,2679881,316802721
0,3015508,0,3015508,1405733012
0,3552869,0,3552869,3793027199
0,1787247532,0,6619724,3851032007
0,1103618241,0,2518160,3589699619
0,8670301,0,8670301,2857834351
0,1893319145,0,2534157,2017106306
0,3717230821,0,1615092,2122221808
0,1751203,0,1751203,4046682665
0,626800592,0,310611,1680951185
0,473787,0,473787,549982419
0,2042937048,0,4583035,2613558241
0,242708,0,242708,647266946
0,1977270004,0,651622,1814972949
0,982485,0,982485,465185155
