2987715169,3959265499,2752467206,404284,778292964
3396862057,2216697072,2515122104,707365,2130084777
2682202324,4293130231,1441304433,5766366,1946132656
497489846,3842787456,2172045750,1179066,3608015295
4100125995,1840235238,3598192513,6586919,1247050383
3294623715,764105039,3055058737,2534469,1504125867
2459390971,4860013,23224910,286134,2325404116
2698721899,1043496844,2348310450,4806993,2447262486
2091010007,2238342457,3927578811,2977404,2248756171
537009065,1028071116,2905705034,2001343,1606342384
868441564,1435258126,86082188,2225366,637050962
3552453293,185631338,4039839128,270772,2494770529
2613729218,345157790,1274206650,4712843,32153345
3142355861,1774067629,2198333528,4060498,4196339241
1551450560,667922959,966884447,1541805,2360114594
3700624092,881666057,1932455849,3357047,2570936107
4006331893,4032853699,2321047128,19846011,122606228
1584786965,321545272,1946907116,665146,3253341699
2966867040,1438725641,4132898628,1233594,1344527090
2465418310,739302944,14587321,8283151,1714630398
3641988856,54436763,49423128,1939712,1618062686
1309853120,1573556448,2764729478,3076075,2413319007
2887369029,3730376827,2241693108,5266069,1920717273
3619849534,4281212127,588370138,442660,60505310
1446262162,3917619174,1372779124,11560380,3924573084
886975607,3062616315,1536036694,5074034,3171077505
3235934585,1769695821,2629871714,4415277,3670086026
504441853,1560867365,2214073487,2629402,2845176489
2579991747,1795242627,1190255280,1931286,2043687129
2406375803,3803380523,4198697928,2107858,1744671196
628207087,2643370311,1914648748,4447855,396070053
3427767267,734399947,1698415372,5960351,3026668951
1039735389,2448704605,2428152838,565635,528807342
4203478200,584403680,228475185,3033744,1397968490
2805944388,2957472414,1276217939,1171992,2295242766
2435103702,4292502278,3476030567,1422570,248143001
3504571458,130640653,796226836,8502512,2438523943
3338842796,637578311,2717643985,7995676,2295456692
2033392446,3993748480,316370638,2716675,665826135
1351605852,984529693,3505090060,7050696,1743747437
2360309681,837520423,2347983428,4462014,1332553608
1812230225,4112108127,769847112,1014375,288386381
1774164988,521124270,2333276185,798626,1819630326
1550241611,1848529681,629024932,2029068,609784916
3263083959,4172302823,4264209806,8798994,1063939400
968003638,1590310600,2042856456,10279302,318291329
3179739183,4147592617,3855885639,305140,3172581349
2266715993,2650244239,1746625572,2731948,1186085427
3323489284,3919782378,2133657983,5124456,2273261426
3855912978,166714623,3896171661,15366325,3406790306
3045753058,394898834,1922529256,3445145,2168669015
841613429,2762259417,4127876978,2840548,1572849329
2342378301,3208764706,1135303408,7857233,1984724516
3680445813,118526886,2352415211,2920928,2382469855
2934754034,135309157,3132275745,6001118,3683944718
2139371167,494878238,2497010605,11721781,159362413
337759954,1962399121,3504388248,2435391,517266095
1166267894,3704935568,3597750071,11333229,475912405
2889181443,2607139375,223435486,6708141,831592311
3957529363,3427062612,799772371,11681081,3721388951
3218788254,3671773932,1787585022,1111772,1777666474
3443785908,1113728530,2075827908,10470622,2268048646
2350228948,1533862262,200348882,30912,626515151
3629076453,4117073651,3614620197,1927028,1862737772
