1829960558,4279549168,2960849802,1697695,637870322
748472595,2056747543,2844964844,1706584,1626454395
3884527769,3884114904,1167266799,1936719,977598826
709481338,799421221,963349776,6403617,1749937257
3264092324,988770864,2928369418,4601658,3679709430
3482669464,2015243364,3186469105,2736932,497505525
1940435160,3241517814,923754943,9860660,1939176538
3267163908,1522910874,2199324714,4309160,2260315608
3218869244,1881445187,3077711515,3089695,846106293
2513081949,3880354527,2807548082,838608,711929070
1509259734,2732577126,2186983813,317030,4170607079
3404163929,3482516122,1501677042,1880955,1949937535
1344825429,494896615,2851872568,5864786,3933093981
1893486382,1846072621,1539701945,1041061,4276209045
1028181564,2401068860,2770131856,5956259,60706998
2177224982,3016769422,4245480000,12818374,2650706051
