529362329,3148663613,849799163,2502382,2987715169
3734821372,3795965445,3677944174,5287876,2752467206
1143980113,2239618197,1643159235,8229801,2682202324
3780641203,1384236590,3157288439,1191915,1441304433
607868187,3002109676,260385003,426754,497489846
925404701,3523280173,167714802,3110807,3396862057
533401933,798624189,4087406685,1086720,2515122104
3291014015,2002301672,523098683,657785,4100125995
1928289140,3421716925,2988159336,3665848,2172045750
785913834,3653947791,3359009281,1753763,3294623715
3898109241,401453708,3248901955,3739426,3598192513
3146869439,1035537849,655760672,2117741,3055058737
17484541,3284579648,2740907509,1459211,2698721899
253096094,894165873,3189504162,3761052,2348310450
2796438713,841755901,114682056,4517629,2459390971
2017681665,3118169065,4114461016,3388988,537009065
2094393060,2369659122,1819902945,321858,2905705034
3542716010,1614104724,2386203852,3908510,23224910
3876276251,701493150,786327647,404530,2091010007
623728200,3897413980,297531920,2931128,3927578811
2330659264,2835782670,3001241543,7548540,4006331893
384248201,3613798013,3907022472,16228378,868441564
2908249321,4156223815,2404647280,1809805,86082188
3062839211,2732030631,2483124622,2254300,3552453293
2102282740,3950543511,3642306355,17332993,2321047128
3694324483,1454820532,1531316887,450043,4039839128
1127349276,732751737,810724918,2526279,2613729218
1631705315,989557755,4043949917,980881,1274206650
3738180244,3118626689,1420699375,4247177,1584786965
784206794,3428461018,2197417143,1641785,3142355861
93769873,3047048919,3005941061,21329,2198333528
2771223228,3010065622,2126466369,1039166,1551450560
2565355903,194906866,267838036,488636,966884447
2167554219,1355859179,1328503509,1939479,3700624092
2737773675,1916395014,2873300935,22049278,1932455849
2694171316,1494229362,2077512569,29150904,1946907116
1215522950,4180714628,930404527,7911074,2465418310
2895143861,2383827768,3430939244,7217409,2966867040
2633585145,5505844,3843938647,2876175,14587321
957663603,1022426137,1331644301,3515421,4132898628
2382355657,4129444593,2710489403,5045769,3641988856
1087403981,2222667191,3007024560,6795993,1446262162
3324958456,2288910176,3038296792,1563292,49423128
2048486336,1206773220,3047408427,2682909,1372779124
174033170,4138318153,3122007371,430285,3235934585
1724263871,2240800273,2248602313,2612329,1309853120
1120910138,4171393500,1610511015,4993836,2629871714
319311971,323685907,1783155638,877610,2579991747
663450434,2126072478,1806868264,8256718,2764729478
582764504,553768132,235839469,3529899,1190255280
1982902880,875268867,2692343548,1044579,2887369029
348613034,331560318,4100563647,1198277,628207087
232289914,1283646441,3643900933,99903,1914648748
3381919457,1923062417,3129217863,4128609,2241693108
3213755565,2111425532,3865156570,7381798,4203478200
812866296,434692660,3936753982,4728369,3619849534
980840147,3217366310,19835282,430536,588370138
249885535,3222046769,3285218856,1477214,886975607
1060087859,3186588003,2667917231,6350197,228475185
3766825293,3410041001,2907712936,10894555,1536036694
221660833,1704946415,2911220090,9555077,3504571458
1246574626,3451055613,1526280665,4339639,796226836
740371898,2761002243,3759359847,14391981,504441853
2244790055,3828599420,798737064,183640,2214073487
1954628633,2450612573,1259489278,7919732,1351605852
4093841029,604901971,1786194127,823062,3505090060
2075169127,1044415931,3570062203,2725072,2406375803
107505112,1020254798,3482047976,1937491,3263083959
2672898919,742385351,3739815003,2633029,4264209806
3681743583,979512962,1028282953,443936,3855912978
2947920918,3877075317,185780433,330430,3896171661
1622541337,3985699649,805199004,6168357,4198697928
2286488176,3332026252,2443282292,279163,3427767267
3390031047,3473765336,3727425991,2628553,3045753058
960127075,2201117948,4117270609,6566207,1922529256
2114901578,57785114,375728439,7576475,1698415372
65692153,2142648167,11619294,2690150,1039735389
2718522635,2470446433,2057110763,4952739,841613429
3539542757,3256319034,3274024545,4263780,2428152838
4216066710,4184316106,930951121,309554,2805944388
2737791158,2013830440,2659137573,3576131,4127876978
209396078,2841537825,3362895424,343937,3680445813
2616489035,1829741706,1573918061,3451011,1276217939
3238298621,237141427,1347696319,315920,2435103702
3147230960,2192698069,1617183042,11263265,2352415211
2441818383,1646841875,953473565,1602273,2139371167
2709516835,2072117810,3470828355,2263870,2497010605
2393800779,1826823339,2547389580,17089088,3476030567
55714944,1914088046,2967504631,10803043,337759954
3938618444,3184329384,1014288016,2063321,3504388248
377804880,771235922,2513892179,8829446,3338842796
2396765527,2568144204,977750320,1569758,2717643985
3931549318,1168315919,1566687380,868243,2033392446
2252908414,3544220144,4026280592,8410483,2889181443
2948495865,1752998891,183797908,10426419,316370638
1105144206,1948414137,3154025874,5822586,223435486
2209953437,889033625,2933404603,1535562,3957529363
3836941749,3015544579,2223119052,3813653,2360309681
4195870775,1834332435,930343228,8155938,799772371
4008086597,2805243887,2966585103,441077,3218788254
776842738,2145981624,429389594,9137920,2347983428
2561074032,3471218988,1107882080,2473899,1787585022
2471893293,2939285302,1109465717,3443841,3443785908
3696936759,3709486312,1746563555,12673136,1812230225
870739349,3969154426,226107191,5578843,769847112
583066195,2233551257,1113717667,266495,1774164988
2581416235,2590354129,1509365749,15378096,2075827908
1548604767,1499753338,242500830,3044970,2333276185
970419887,1263568412,1138629385,1044648,1550241611
2015109351,1864207788,923467604,5307001,629024932
857120176,3790730145,2367021279,8546908,2350228948
4166417395,1823025129,1950660983,1984521,200348882
2851183243,2348696688,3914628124,9144735,968003638
4119121583,2256056349,3570959048,2328310,2042856456
1088974097,278710217,4000382782,12566808,3629076453
549400204,1540453514,2853056674,6879686,3614620197
4196432368,930715703,2848554508,13136850,3179739183
3501327856,2693382702,1183015569,4972356,3855885639
185111927,2133928772,1358142871,1622989,2266715993
3512192055,104363143,1968705016,429445,1746625572
2657536999,3691457702,3106593403,5103742,3323489284
2713371574,4142555044,1149154877,9877796,2133657983
1654517938,1253695752,3870558193,1109776,2342378301
789934329,2818841176,191099320,4539649,1135303408
2131176029,2846333009,3829054132,1116033,2934754034
141763660,1705367099,3735701712,3984116,3132275745
3542653411,4082320871,2191204914,1979205,1166267894
2410470136,415523996,2529540721,10772316,3597750071
