53
1311
41766
14181
5358
33679
16123
35241
28341
17390
63579
61949
15765
46532
49569
36487
36842
1572
32751
59055
41978
18300
31780
28937
61150
58553
54274
43536
10093
59939
18594
42213
64474
35033
9373
64049
37326
39094
50302
39
61551
25126
12881
31109
32156
23648
4756
12118
3862
38233
57977
35149
23732
47743
26376
48773
51070
12089
13351
25052
17228
645
15701
27013
41095
21909
43148
14178
26597
47940
37484
30461
41931
11452
46455
3036
58853
24986
54669
50265
58385
43337
28224
42889
24228
13777
39617
24058
34476
36863
59507
10994
10544
49066
41654
62558
29356
46490
12198
55070
19944
39557
45635
38085
7263
8768
52115
16961
58752
29803
61980
51642
15517
59865
18412
58435
20240
53341
61257
22679
11383
23797
32272
28344
50425
39605
22069
6591
6031
38483
35699
27824
10519
61162
63703
28428
3476
49998
4743
59934
25436
58048
21513
47315
46290
12420
33664
61328
44952
57725
56923
8466
48766
55092
22272
48732
46129
23311
7233
39650
36672
17395
4725
57563
16658
17583
33416
28808
42104
60385
63795
57305
57245
20760
48048
44186
34863
47107
6328
25210
17865
50362
48445
52211
23742
17315
7103
17495
61794
63894
39578
56581
37250
29691
64135
42897
16420
20391
39718
4158
61532
37177
65034
12293
42740
52188
62433
54538
31151
43210
18073
54544
13240
55165
58710
30192
31648
61670
135
41593
47223
4830
19387
57109
10492
19462
34885
39272
41865
13199
63206
547
51397
59595
38001
3892
37752
19961
5495
45167
18075
6691
11046
41063
49149
38704
21639
59847
50998
9395
53119
38500
39912
21322
37119
26898
30381
36888
37499
21362
53482
50502
55966
7486
33956
16150
42762
65285
44947
60962
54909
38409
3390
44857
33705
32385
26980
59742
25655
29127
4822
50311
63106
10497
49819
4617
63461
55964
43681
8921
15269
50761
59538
15785
34337
33473
42378
18285
12353
901
11600
29021
31987
41048
37179
58801
33538
11371
19284
65431
5330
17640
4305
38010
34560
46422
47057
52020
43459
10351
18835
13186
43932
20668
42279
14736
64686
14657
25719
13396
49250
9244
36364
62395
21804
55776
13128
40321
58261
28646
6539
55059
63336
17156
573
60474
63879
38691
52895
39371
15157
37893
34977
3019
16260
12778
16893
63571
37649
23709
43125
49655
16199
5663
52665
54178
8712
56794
55627
40050
412
55930
21173
38318
7027
53722
42376
57078
28841
36649
19664
7497
39422
37633
55957
27210
162
31672
3657
49652
6630
11403
20980
41088
21850
2673
29534
15546
41316
5912
62057
15776
56927
57116
64659
55145
65002
48384
36242
62140
53347
63175
13167
3749
52213
60591
63279
19412
29081
40394
28129
53953
3078
36682
52784
46810
23666
59898
40904
30000
34301
35109
36318
2293
63647
14971
13470
45873
55988
3912
12395
51049
18277
41118
26329
9686
34349
37966
29046
522
10407
4505
13891
50896
15442
32432
24693
18781
51505
32382
34965
3788
11411
29566
15990
1722
37390
61769
6009
21792
33616
26855
38586
609
28770
51165
17756
30718
58394
7944
36336
51382
32957
18082
51337
47333
16079
42677
53910
8749
63408
27594
6120
60815
47941
57182
63001
15761
36341
18828
18916
53551
46742
51823
20420
52057
15003
46198
11438
17848
40665
23048
47881
62869
53133
26124
25086
31756
26521
25182
18353
35623
37160
26032
44980
16004
39561
18831
24994
35295
3052
31857
3140
43942
24772
34664
58835
55968
14857
28432
21239
52322
30315
20250
61452
6457
36229
49500
60301
32233
10420
8755
65015
3678
36295
6851
12685
27861
15707
21685
40636
30802
2311
4167
63585
6936
476
30591
34976
40431
24882
32817
4992
17633
18000
32380
12146
25902
45996
57364
35455
57240
12790
65289
23180
13831
53827
16638
11108
40247
50418
50662
25549
62022
60812
32404
18279
52004
24241
48863
26789
10624
15446
23905
60879
19979
50689
19768
17621
65112
45301
49290
10193
56105
12575
61791
62796
33071
3881
1826
8104
43662
14476
55231
48837
6333
20543
49497
19172
51874
25138
42194
23412
54055
31305
59908
7252
59403
64082
5785
15164
56288
49638
31276
44794
30145
32184
41727
43864
29940
57813
1270
1244
41563
54362
47830
8013
65199
3616
7670
14719
62463
21541
707
31611
9343
9168
47388
33942
40855
20997
15110
18795
7742
39768
36593
17658
43062
29271
58922
43068
37501
52444
4483
5840
48864
8646
15815
36212
33025
19114
19180
52397
54919
20147
4446
3610
4111
16101
42740
19494
4386
9209
64790
14258
63049
42909
40232
37310
43878
5251
30949
50897
2654
15818
45878
55800
8641
31947
20428
13878
28749
45058
33221
13704
33159
14072
336
59376
61431
56466
2858
47176
28624
59674
27998
48314
37504
64062
52769
19107
23948
47831
48392
12482
1344
42256
22528
27848
41594
31277
40142
53185
20012
60743
30903
37121
15182
56276
39740
27751
46429
54587
36589
34940
37348
40740
1849
64287
10551
31587
12564
63128
25363
23272
38429
6690
10496
47062
50607
7248
45242
20933
18433
33516
40947
15871
36998
40092
16981
24146
64987
17118
47634
12319
10716
57696
50464
60803
61731
59135
35901
64033
61793
16783
56460
23548
47065
24161
15926
41224
33582
61188
39894
31628
53935
16726
63885
84
14795
7750
17615
25916
50844
63539
37508
30204
52367
47996
34347
6360
34054
30132
54814
38943
57524
8139
30119
12549
27528
26283
9495
34333
19869
54464
14622
61204
39015
28705
49054
64413
57013
58968
14638
38005
11071
53317
21674
60289
645
61118
28693
47961
40826
4619
7955
15183
14591
8068
19016
6334
58330
5552
4160
26835
19604
26431
55809
16197
24880
47326
16415
23271
8459
19370
48694
46398
50638
32961
14849
55358
1810
38741
10488
17131
38255
5210
54849
5967
5235
15675
10819
31310
14231
28509
23222
41789
38598
30485
42
29885
14646
64841
22866
4168
24320
58142
63183
6360
40567
14424
34013
46270
63932
6398
60017
59292
65089
33832
40865
40705
42815
44644
9211
19928
53936
48956
60018
55031
12087
62389
58804
49777
1136
53777
42244
36026
21806
49015
35959
51526
20813
30003
51796
25777
43404
10046
521
40810
59411
11671
55521
28231
45321
40059
32451
37678
4716
16068
63331
8819
22488
17829
21939
36198
19039
52006
2710
64289
7779
10989
2920
14403
10233
29000
57565
48102
61457
43402
57936
56051
19352
41590
46142
4393
30605
50602
27357
51755
35390
15311
18000
46387
2818
26130
64017
36699
11294
26206
39936
48913
41807
32488
42978
55994
10500
54780
26129
55324
51399
23238
45927
65512
65088
