1862569479
1275192
316324037
1766818
2200124926
1169360
907030126
6506085
4238994163
5500385
427479718
1621013
2948771967
579135
851124243
1318371
3267157531
925047
3760793593
1565708
2805370395
834742
3345649985
1953793
4018094236
10946474
712114593
96922
275367824
584207
4019234143
1362231
3644634018
7754458
2249996080
4549929
540833788
1343015
269848562
6778881
2132455461
7746899
1422592222
806789
1481731396
4291711
3024726674
3694934
158686862
578197
3995033442
702169
3180443677
1416914
1610038373
2747061
432517232
1141390
646485190
147667
1657435846
1586309
3243164738
6713617
91146774
3362362
2354917778
955060
980565776
8208355
3390001188
1368553
2472821421
2748734
2979705592
9419567
217481023
1324873
400470690
8308941
3138670364
1254800
1410423758
8352051
346479751
1634767
2698071851
887345
3713507038
7940812
1153992740
776919
3750783538
3022005
892588851
389976
3368477124
14602616
705927273
7200556
1472627625
1836578
3373615964
7949621
4017951089
3033160
2484470824
3023859
866383132
2016948
1766803576
8284956
993776845
489295
3089808150
2268922
1021423867
5419832
1539472178
1093204
1957775933
4114508
2304555155
6089856
1833819235
665263
3941022390
6243371
318143587
5111682
594686936
1754574
3688077295
544325
4049880650
2004128
1559493980
1204071
1262326864
7461344
289307896
14385237
3672976945
1004333
1563178846
2035265
217135959
1202535
3132540232
9509334
1023237363
3562862
4053757863
796676
148454911
7513005
1010919493
727820
1750513747
3376859
3858561298
3076685
3308371008
4192374
1933290593
1998163
3079690884
4140138
4269480678
2464744
4201817164
1994137
2532804966
376543
1068792535
4358753
2222489634
4045197
308532834
1695287
899298272
5077172
2781277552
2083196
2409550945
5254020
1264917304
3255669
915165697
2156085
2426859331
3174167
1820868930
9520485
2083644083
237025
1449377179
94761
298518887
4409349
823512382
3516584
1428068274
6484082
3261609400
1346250
14675181
1680288
2441217437
1680136
2385207287
2033994
3850929208
9535367
3538820998
9346927
1136880361
2044052
2302891954
2579876
4170413775
8042325
857256789
5214289
935982222
1237984
3809736760
5213575
121751174
6340457
1184067931
514489
3849496893
2816224
3235540575
504159
606351075
1187197
1402004190
33711
4147154433
257911
105357199
2564444
2426343141
3985525
1116156455
1860993
21532187
1931513
2518246822
9562652
2430278645
1048363
2271526801
1371767
3874439200
10147801
1263191166
9268576
957800717
10344182
4186124015
6550078
4015568730
1247130
3815216465
6527207
1934843024
3657258
3964048818
795087
767009569
6010354
2365286425
302356
2313455628
938257
3002079095
7661799
5850021
8892108
2427547803
5248144
4060164529
24067
2807171102
3048285
217114268
529086
105490520
4979019
434830577
3609891
3128684285
1066946
1501190464
2722017
2434023152
819693
3202685253
723568
19129464
1086257
1926635042
3510749
3256836841
1031882
2670971942
8408107
1613841167
4684879
3703781007
27383939
2330357120
3099928
1228506206
3725173
857547054
5594807
2600395681
21396011
834845273
489610
3744792370
332184
3951713263
1808543
3493625142
86580
3686870305
1858568
328443974
1870626
3033250097
71260
672293247
11003349
3050596693
3011376
1240400414
12237
1101884110
2337376
3448185744
73950
870547926
8179927
1263351541
379051
1079506109
1017947
2820623619
749055
399526596
3936989
544592264
5282952
961560762
7351419
1564965294
2859993
451837888
601010
2394435324
4656146
3337378944
4873909
1806388378
6239954
3514833703
4053582
4167603145
3571512
3029805156
5227309
3442282240
3225875
396501936
9465154
2384215829
1088040
2541077282
1742346
919031653
16270522
2688592218
966537
2577157388
1613317
1780234963
3827519
2548964713
553231
2386689779
6786400
1030842803
4469623
1076564271
4414806
801790235
8118585
2254307267
1546106
2377000654
1584343
2595952982
14072259
4126663590
8792884
4074961802
1527111
78531914
735727
3317148472
4460148
1719963193
12574564
1713051437
4931757
2116989996
2991278
2675905923
70463
220500657
1819497
1108841020
805751
4178020866
2332167
3197880744
2577142
430195785
7179736
578632350
1105571
4214185540
1089993
3960055530
4734367
1817804462
5336992
1562938697
7416120
3356492673
8594877
3974208334
9145821
1833794505
202518
2597429628
320943
1349586699
9984599
375145225
6843693
245186751
5197663
1036511490
5876600
1467940794
692389
3347055224
17571703
1766241220
1344208
869365245
10056316
3256883125
11018948
3784654851
15942291
1124551574
23520500
1899957775
1813892
2500959544
151656
3710982218
3119905
926028533
1708094
964560041
5256923
4148351383
76199
854683993
14396188
1311136247
965662
3901305852
7246776
4143482402
3384270
1652875689
544392
372966213
1193497
1291215880
1106564
4007224079
10296444
3042576342
7234441
2845582125
1646133
2935968583
14906227
72180382
5403592
489735173
4102926
886384204
100914
604349770
1805947
3122958825
6473905
1795192968
7629840
2931591505
5831275
420892441
10573172
715406175
3982867
4161834132
773878
1669097922
8082936
650041208
2193598
748498483
1169154
1962619808
3066299
4066786227
77172
2106922501
2801783
3233720826
3557621
3552724335
5232535
2140632104
3109634
2464171581
408660
276647475
4852696
1617018894
6002116
1295898214
5611533
927298716
3460211
2301980075
3751254
177095226
12408406
1186314266
10125353
300570254
1181956
3056921163
22400054
441122733
736400
2350452695
139320
1636065720
684572
3775050595
4649423
2085426125
12731216
1332358369
3914393
3012344595
3800962
1263231053
2382621
696772529
2258799
2125155832
1745058
3331556702
5608637
2265297515
3069146
1172042572
418997
3286697884
3700123
1070718017
2708873
1036481626
2108286
1781737000
647718
1567876069
46148
2099695929
3359948
2573634011
3269623
4116272707
2070150
1999548198
3296578
423920654
330774
1514419282
4657388
3488621009
2015074
2186131113
217294
3239179785
9173278
3253452000
8122094
3073914636
543553
1338532217
2217993
3990479687
1675019
2568818659
2070215
2428560708
2082754
2930468038
4417353
70998477
819948
3906115831
6049188
524783751
1929893
1682818801
6033463
572125100
13596167
1421556798
9342335
369367337
2844591
4036086798
760786
3944717035
1455661
3116972564
941057
3125769959
3327747
1173477546
2069418
1653892780
1372307
3882790002
7591940
1287329635
2353493
1795632000
2660206
4243154280
2910145
3642269058
132758
1194418826
3604336
17028931
2992825
83078494
2718416
3215855219
1179196
3938612579
1731570
3338188662
2727605
2242938707
13248131
2748048417
14004604
4119452069
1835580
1876472135
7313715
1254895607
2242244
4022945460
4090288
1085184899
8025480
1609061163
1398228
968367140
1190144
705191426
2601289
3403360243
4627242
2050841652
366799
688513445
2604184
1677439304
597215
1578672447
3562494
54911168
3331816
1311609283
5340204
3463495632
2894959
1969707491
2572986
2324548252
6830616
3667284062
537411
2983255036
4135960
2372627300
7148374
569141154
1826648
2765118535
47974
956342527
2558551
2198617704
3977994
2185104400
762372
386626271
3492398
2363846961
7064927
1400527063
259743
191002777
9445465
2808712107
2469055
3790742061
29898569
4079823013
10893402
2694730892
6556489
3635105504
2526025
593614335
2335604
3382357767
13604169
2035074066
141215
1119828507
1611184
2319699225
1266725
1583273210
473758
2912815670
4703875
3850026221
5988728
1128908506
3546639
1214223317
3591668
3803546114
5094773
1143465398
1084494
505999738
14544194
1610263214
11387055
911262828
653518
25360617
4015285
3987427368
7839948
2300317224
4106525
94637039
26663252
336825348
7042104
2429058408
3893460
3122746963
372721
1160073433
3791667
3319460478
1310162
2713162671
3438272
329986599
2187509
1739175662
4038914
3141757687
583756
875247246
197400
3330080056
2550125
378012366
8729581
397859171
4504183
3727274552
2733176
4250479782
1673392
1026908885
3355965
3640864619
3584829
3460626532
345981
3452575260
135330
1729672844
8591
4116057674
250865
2720110720
3113616
1789596320
387472
7483263
1862560
3316354035
2835924
709093096
1968609
3055366301
89462
3748662851
3324887
1473309699
1717390
2232381236
34099
3974954375
4639461
4095562519
206301
2328784457
751714
481256482
14531565
300408777
821615
201360298
4762653
199300683
4428178
2572834065
6259292
3230853888
3513900
4282124281
4102154
3228362696
8131156
2487641451
326766
2037439911
5930205
2904917953
3885842
4038331948
3104895
1480846347
4620555
3831915061
4651843
3254589473
307805
408915390
1170511
2687093336
893954
3135590988
5734894
1617181515
1179506
4137193971
2310960
933741741
2072501
1642744464
344689
2182606923
2884748
1150393974
2991435
49452761
114722
2984437312
4784936
2772504314
2264405
740240829
2382345
1319231888
2517440
72580948
2717679
38275287
16645031
1572036654
1295336
1981552031
3112983
2378223305
4239877
2942580372
9125214
832081670
445179
689674019
377752
528271209
866163
2475983455
989952
2264317602
736728
1131805040
10422879
3720915780
365362
1840130072
2035340
1909230934
2864840
2935331570
10726183
4235172658
11786955
1636012330
992136
1716624504
5343171
3977764230
3503056
3973910278
2189851
677323
2147955
3893291098
885372
3789899502
2415590
2804274100
6546138
625812389
1388781
1178418484
670968
1968039470
3485729
1705530741
506912
874178968
13506083
2461853859
1899654
2658266945
8599289
2494404549
1601996
3660527590
6349814
1135167134
5944548
972523272
5290463
2793066127
9660911
1406666918
13042241
4232680846
4491198
3060216440
2380703
1254614971
1504821
3852079800
4617601
1560435994
3534600
1394133124
787196
93583657
2665793
4044698500
6300667
2731968513
238880
3663406700
1259736
4141513188
11942016
3563087041
16299836
1907422615
6378390
484588318
19139364
3794043612
4521233
3960474669
2026735
1896011500
3206405
3676440016
2225829
758933658
2953245
4141015109
8912783
2586196203
1933894
1545620903
1864725
3035183168
3100344
2889395550
4366072
2096382866
1610659
3152214028
4281946
1154464195
5195832
130035797
8231149
2573892604
4268118
625787552
2330461
3639344125
7601996
2089829031
5054407
1873303304
3892003
3078188365
2979473
1802571533
228886
2644907599
1617841
4172738599
650054
1417413178
4309999
3810043614
1870378
1653834888
1341994
580631182
144794
2991865957
2103463
3617808058
8121979
3388097252
15158091
2247547147
6322001
1194530861
4321005
2085966708
9815468
1573945155
9766596
49394394
4352365
2857598727
1617777
1323210013
7480505
3301653828
2050963
3320258075
786287
3509734196
6456276
2903349767
4607997
1009716801
13623896
2597773471
3969485
2618691060
4401596
8354723
13273279
3943262512
27640
2389903570
1327576
1164869647
741305
1739030860
636959
3439359923
1418962
206810373
19138539
125903957
7499998
1309924606
3215889
1221182610
4446687
982573974
4460351
2381932688
1809846
3280864405
4818802
1461654774
2094297
3103103409
1590304
801403958
3514828
49068905
1721991
2163906711
4083810
1598388992
4800331
1756458809
4117442
2683502875
1533355
509961958
596906
1635837772
883506
1415793362
309728
3296772811
2309903
1792121472
1495272
4280292104
258721
1818974032
3033109
2200804188
12378436
182410823
570114
2015907834
360040
1677100518
7886682
1679829907
6789653
557002078
1384018
885762204
4879880
2126755877
323300
200017853
382563
2143814913
438726
1005522348
373762
336264824
8325821
742483394
11354725
496776146
5483240
830113807
5731567
2123530843
3190337
1302311433
4387244
3469031374
4166769
4180385061
1451059
4085038246
8111297
2763319945
138811
4203730933
305870
2808965828
10234024
2252407679
1506214
3770287424
1224780
537192309
793681
1580582141
33054
1237262502
971625
2555112447
128794
3980383397
9988489
2820522627
15986987
1113076278
12172112
856725434
1162077
690055371
180796
310222233
2016336
3415214794
11863192
130618084
215372
2946644885
6880500
398974378
2837383
2291073329
1933637
3201410225
6955054
195021505
5414408
4264611311
311294
368638336
1335167
1610899189
65390
1826481815
5302207
2014851066
2088817
1579167637
1436292
2669276296
6621199
3036574292
3154623
105271127
229882
123933164
1674110
243669984
1373964
2744784634
4521277
588563882
2708486
1630405701
275634
739202622
4513854
595317083
6056977
3592521997
10350598
2512199510
6146532
1429438993
2940384
1251536995
3255885
3771012705
3379909
1326157617
3522605
3183842277
5512976
2031038378
1025036
155221344
2421144
283705186
13202795
3786051252
7451516
2591065107
3179346
1753352242
9872492
933675736
4751944
1930313417
2304632
1242840791
870459
2089171960
3210675
3819926183
2287885
2995520980
3626559
2736059924
2634193
323836860
5222706
215227206
50901
2004893
5753503
2700722795
5381883
1775410077
1725901
2652105667
401669
560940238
1055577
4040020042
59341
1500797081
548789
748742124
2227668
3332989838
4664951
2454679640
5586211
1558521567
1117805
190423266
38072
4026013593
15731348
2136866552
7450049
3839328288
9250134
658558645
881409
3866863324
3631600
4046389822
8772519
125454313
840698
1883781206
7472409
3896593008
807269
1699983937
8057850
2409875242
1328063
755926681
7875
2424162112
7006624
2255822818
2146730
424383220
638588
1737603770
8503670
2950481335
7825607
3561060208
6203815
3010494552
903757
3198556913
4303949
32740725
8365755
1780885312
6399191
3935794652
5015700
2520758324
4423581
3101745704
5650705
2961963364
1872486
4157177259
271389
3080289732
2644600
2709717763
9300270
4137067288
4037188
3026019943
2700941
115958400
612254
3646712210
10648
2829442222
5748420
2940101507
327485
683631804
1104949
1921513025
10912506
3634617577
5943091
3731584245
6074347
1283491965
3206549
3230934186
1874119
3400694122
1804064
3947328084
3617174
133346330
36289
1471536094
4917176
1206551592
526960
4123679100
1503693
2320497807
17265759
232491392
7466926
3295433504
14298129
2933092551
906877
2175966352
308941
2039725275
653709
3397895455
5013388
3663353510
3637222
1340405140
483272
3175990494
1313229
446159086
17688299
1658009599
11281001
2432116547
3886402
2434324437
1061164
3728351763
1244636
3026565803
131094
34947275
4114082
1127258462
14067660
819703504
6674322
146570359
18511024
724627179
2096770
3591623432
91393
635649706
714795
3600650195
3182741
1551865222
698132
2136725959
4404180
1419035285
641302
1150987390
3863771
3766075510
343811
3524089529
7086268
2855693428
3309617
856673102
163429
1950231540
5878049
1326438745
4121257
152838051
1270540
2887947629
5099353
292026742
3353457
430987369
3822898
2690867412
3194588
2797017187
16461900
2792036804
2063413
4155950512
1359570
2820806606
12618518
1023355739
8948510
410131954
1570381
3937273986
14793099
3148663613
2502382
3795965445
5287876
3523280173
3110807
798624189
1086720
2002301672
657785
401453708
3739426
3284579648
1459211
894165873
3761052
3118169065
3388988
2369659122
321858
2835782670
7548540
3950543511
17332993
3118626689
4247177
1494229362
29150904
2383827768
7217409
1022426137
3515421
4129444593
5045769
2288910176
1563292
2240800273
2612329
2126072478
8256718
875268867
1044579
1923062417
4128609
434692660
4728369
3217366310
430536
3222046769
1477214
3410041001
10894555
2761002243
14391981
3828599420
183640
1044415931
2725072
3985699649
6168357
3332026252
279163
57785114
7576475
2142648167
2690150
3256319034
4263780
4184316106
309554
1829741706
3451011
237141427
315920
1826823339
17089088
771235922
8829446
2568144204
1569758
1168315919
868243
1752998891
10426419
3015544579
3813653
2145981624
9137920
3709486312
12673136
3969154426
5578843
2233551257
266495
1499753338
3044970
1263568412
1044648
1864207788
5307001
2348696688
9144735
2256056349
2328310
930715703
13136850
2693382702
4972356
2133928772
1622989
104363143
429445
3691457702
5103742
4142555044
9877796
1253695752
1109776
2818841176
4539649
2846333009
1116033
1705367099
3984116
4082320871
1979205
415523996
10772316
2239618197
8229801
1384236590
1191915
3002109676
426754
3421716925
3665848
3653947791
1753763
1035537849
2117741
841755901
4517629
1614104724
3908510
701493150
404530
3897413980
2931128
3613798013
16228378
4156223815
1809805
2732030631
2254300
1454820532
450043
732751737
2526279
989557755
980881
3428461018
1641785
3047048919
21329
3010065622
1039166
194906866
488636
1355859179
1939479
1916395014
22049278
4180714628
7911074
5505844
2876175
2222667191
6795993
1206773220
2682909
4138318153
430285
4171393500
4993836
323685907
877610
553768132
3529899
331560318
1198277
1283646441
99903
2111425532
7381798
3186588003
6350197
1704946415
9555077
3451055613
4339639
2450612573
7919732
604901971
823062
1020254798
1937491
742385351
2633029
979512962
443936
3877075317
330430
3473765336
2628553
2201117948
6566207
2470446433
4952739
2013830440
3576131
2841537825
343937
2192698069
11263265
1646841875
1602273
2072117810
2263870
1914088046
10803043
3184329384
2063321
3544220144
8410483
1948414137
5822586
889033625
1535562
1834332435
8155938
2805243887
441077
3471218988
2473899
2939285302
3443841
2590354129
15378096
3790730145
8546908
1823025129
1984521
278710217
12566808
1540453514
6879686
3959265499
404284
2216697072
707365
1840235238
6586919
1043496844
4806993
1028071116
2001343
4032853699
19846011
321545272
665146
1438725641
1233594
54436763
1939712
1573556448
3076075
3730376827
5266069
4281212127
442660
3062616315
5074034
1560867365
2629402
3803380523
2107858
734399947
5960351
2448704605
565635
2957472414
1171992
4292502278
1422570
637578311
7995676
3993748480
2716675
837520423
4462014
4112108127
1014375
521124270
798626
1848529681
2029068
1590310600
10279302
4147592617
305140
2650244239
2731948
3919782378
5124456
3208764706
7857233
135309157
6001118
3704935568
11333229
4293130231
5766366
3842787456
1179066
764105039
2534469
4860013
286134
2238342457
2977404
1435258126
2225366
185631338
270772
345157790
4712843
1774067629
4060498
667922959
1541805
881666057
3357047
739302944
8283151
3917619174
11560380
1769695821
4415277
1795242627
1931286
2643370311
4447855
584403680
3033744
130640653
8502512
984529693
7050696
4172302823
8798994
166714623
15366325
394898834
3445145
2762259417
2840548
118526886
2920928
494878238
11721781
1962399121
2435391
2607139375
6708141
3427062612
11681081
3671773932
1111772
1113728530
10470622
1533862262
30912
4117073651
1927028
268903435
8109576
2467398847
93748
1755778367
1216568
3659475920
1757423
1520708862
3235695
3592016807
2377397
1603129557
213826
698859993
5419826
4200563803
6101787
904301326
140181
1990488615
1582772
1889928071
13057022
3237714092
1850919
2348343127
2160595
430636893
758176
2625985675
11050350
2230741453
6339451
1048873926
30057
2561583688
4360146
296243838
17473242
1091699233
107365
4046104071
4422054
842895789
8899
4025428779
1274590
2944717340
1020698
3684679852
7887873
3965394862
332703
1342337264
3967792
944837479
1169919
2582865860
2836323
2528872791
4537045
2835839829
5105079
799421221
6403617
988770864
4601658
2015243364
2736932
1522910874
4309160
3880354527
838608
2732577126
317030
3482516122
1880955
2401068860
5956259
4279549168
1697695
2056747543
1706584
3884114904
1936719
3241517814
9860660
1881445187
3089695
494896615
5864786
1846072621
1041061
3016769422
12818374
749995401
2178897
2015659785
3029662
1190458191
2314768
1171416109
179486
3421341604
6618776
1316132838
418096
2972194030
5811790
2076756642
2960502
2640554744
7082963
2710773345
5134383
831149429
4135998
202351530
6329581
1454490227
20509243
2108348819
3318541
912990246
2954216
0
0
