305126428,3960474669,2240214767,2026735,529362329
3817295080,1896011500,2487310068,3206405,849799163
3644830885,595317083,153038817,6056977,1143980113
2540251591,3676440016,763217981,2225829,3734821372
1885523453,758933658,3334874166,2953245,3677944174
960598560,3592521997,3430685627,10350598,1643159235
2678942606,4141015109,3402503229,8912783,925404701
3426761921,2586196203,3751588114,1933894,167714802
4084999737,2512199510,2891337707,6146532,3780641203
303775397,1545620903,907610899,1864725,533401933
2250927517,1429438993,4081326797,2940384,3157288439
3375267713,3035183168,1439147662,3100344,4087406685
3360995675,1251536995,2492771741,3255885,607868187
2230298329,2889395550,2054311368,4366072,3291014015
1681995404,2096382866,1697027445,1610659,523098683
2954292650,3771012705,2564452907,3379909,260385003
1205738226,1326157617,59633027,3522605,1928289140
512689591,3152214028,3907249576,4281946,3898109241
1268254396,3183842277,3312864826,5512976,2988159336
2478178297,1154464195,1192039490,5195832,3248901955
1655894270,2031038378,46786324,1025036,785913834
2731691561,155221344,3138685559,2421144,3359009281
3789670179,130035797,2975198238,8231149,17484541
746711946,2573892604,891723174,4268118,2740907509
2488570489,625787552,2864015463,2330461,253096094
3957041752,283705186,2457639607,13202795,3146869439
1082652642,3639344125,3520665408,7601996,3189504162
3390101960,3786051252,568755269,7451516,655760672
2297358371,2089829031,3618360302,5054407,2017681665
960945361,2591065107,3240348165,3179346,2796438713
1480338859,1873303304,1753999871,3892003,4114461016
1444853812,3078188365,1981678634,2979473,2094393060
4205435916,1802571533,1847878155,228886,1819902945
2319128319,2644907599,1541095224,1617841,2330659264
3217204016,4172738599,2006085768,650054,3001241543
824189711,1753352242,10111465,9872492,114682056
2253918378,1417413178,3735349625,4309999,2102282740
126417897,933675736,3869579108,4751944,3542716010
1950153515,3810043614,4090548900,1870378,3642306355
625560018,1653834888,1536214541,1341994,3738180244
399744240,580631182,358135460,144794,1420699375
941063331,1930313417,2273799387,2304632,2386203852
4015128315,1242840791,1608142638,870459,3876276251
3288439936,2991865957,2431911880,2103463,2694171316
940310011,2089171960,1397662552,3210675,786327647
1316979685,3819926183,2576659294,2287885,623728200
3981966924,3617808058,2808242227,8121979,2077512569
471133638,2995520980,993726616,3626559,297531920
1696204870,2736059924,832324926,2634193,384248201
858956562,323836860,1593755505,5222706,3907022472
1753951313,215227206,1580789407,50901,2908249321
3785673239,2004893,1730021274,5753503,2404647280
695110634,3388097252,301526683,15158091,2895143861
3846328561,2700722795,375380323,5381883,3062839211
45199282,1775410077,236478162,1725901,2483124622
3424128216,2247547147,2016350298,6322001,3430939244
3991681974,2652105667,3277134436,401669,3694324483
3910094897,560940238,1381670680,1055577,1531316887
2957335134,4040020042,3967698702,59341,1127349276
691607594,1500797081,1100599254,548789,810724918
3650313976,748742124,1019194002,2227668,1631705315
1505858168,1194530861,3464163591,4321005,957663603
2255222207,3332989838,3785403687,4664951,4043949917
2084165682,2085966708,1727818680,9815468,1331644301
2856265785,2454679640,127457669,5586211,784206794
1543465142,1558521567,1595677339,1117805,2197417143
808839469,190423266,564502426,38072,93769873
2429817516,1573945155,2521401529,9766596,2382355657
3924739033,49394394,4073174546,4352365,2710489403
2789798677,2857598727,3827646627,1617777,3324958456
647027386,4026013593,379625450,15731348,3005941061
1148404242,1323210013,2687399718,7480505,3038296792
1907438224,3301653828,608954369,2050963,1724263871
3633551258,2136866552,1963591370,7450049,2771223228
2640995954,3320258075,29353954,786287,2248602313
3649754165,3509734196,1091176851,6456276,663450434
4030779605,3839328288,2426290707,9250134,2126466369
1445755158,658558645,295152346,881409,2565355903
1300738502,2903349767,1793969740,4607997,1806868264
1762069998,3866863324,3165497078,3631600,267838036
3983211331,4046389822,2414442627,8772519,2167554219
1064891653,125454313,2462439591,840698,1328503509
1070431974,1009716801,2405019567,13623896,1982902880
3382558202,2597773471,3109255459,3969485,2692343548
3301883225,1883781206,3381601985,7472409,2737773675
3822754586,3896593008,3017711056,807269,2873300935
3799151905,2618691060,120276155,4401596,3381919457
3548876776,1699983937,1955036289,8057850,1215522950
1266515853,2409875242,4137667970,1328063,930404527
3263186372,755926681,1912377809,7875,2633585145
4193017950,8354723,3986401099,13273279,3129217863
4026081499,3943262512,854495369,27640,812866296
3768915676,2389903570,4071104472,1327576,3936753982
1976266572,1164869647,3903745123,741305,980840147
3577226395,2424162112,3108196044,7006624,3843938647
1915503361,1739030860,1958760796,636959,19835282
3316434397,3439359923,1063523280,1418962,249885535
1107061842,2255822818,87006798,2146730,1087403981
3826415886,424383220,3102104796,638588,3007024560
2177717175,1737603770,1579726706,8503670,2048486336
2982143232,2950481335,3585438853,7825607,3047408427
2991358536,206810373,863631068,19138539,3285218856
1940316134,3561060208,1489412784,6203815,174033170
1014482705,3010494552,3530369454,903757,3122007371
4176156601,125903957,2855215418,7499998,3766825293
2920279064,3198556913,2419434037,4303949,1120910138
4063099361,1309924606,333663059,3215889,2907712936
729881599,1221182610,3110983460,4446687,740371898
1654461931,32740725,2226259730,8365755,1610511015
3486166156,982573974,2668593093,4460351,3759359847
3667340169,2381932688,3728548193,1809846,2244790055
3780606326,1780885312,1187459332,6399191,319311971
930021750,3280864405,397220998,4818802,798737064
1332555496,1461654774,2796486225,2094297,2075169127
640873531,3103103409,1894988717,1590304,3570062203
602284508,3935794652,2867349948,5015700,1783155638
1132201630,801403958,3652376915,3514828,1622541337
1112233338,2520758324,2292250932,4423581,582764504
1678296011,49068905,3454119466,1721991,805199004
88757307,2163906711,3592909660,4083810,2286488176
736095577,3101745704,414325128,5650705,235839469
4087243410,2961963364,1018622693,1872486,348613034
627422128,4157177259,3513470143,271389,4100563647
3357046798,1598388992,3005188084,4800331,2443282292
4034151400,3080289732,48448938,2644600,232289914
2296726757,1756458809,2744273802,4117442,2114901578
1063509157,2683502875,2841930621,1533355,375728439
2767044717,509961958,3634244355,596906,65692153
3100569112,1635837772,3092568639,883506,11619294
3211465065,1415793362,3315106127,309728,3539542757
289125088,3296772811,284935575,2309903,3274024545
3055783648,2709717763,678762567,9300270,3643900933
74220153,1792121472,516653524,1495272,4216066710
504451779,4280292104,3493272678,258721,930951121
1612710480,4137067288,1052209426,4037188,3213755565
2401090899,1818974032,2238672649,3033109,2616489035
3921797851,3026019943,2013974379,2700941,3865156570
1108238006,115958400,905371620,612254,1060087859
2971414213,3646712210,1120582154,10648,2667917231
3149238575,2829442222,4284872451,5748420,221660833
3304600028,2940101507,73938325,327485,2911220090
3169956806,683631804,2595828580,1104949,1246574626
3537146818,2200804188,3002352049,12378436,1573918061
3003450506,182410823,990299314,570114,3238298621
2868444637,2015907834,618293310,360040,1347696319
1210738432,1677100518,3480963431,7886682,2393800779
2970941251,1921513025,3085063992,10912506,1526280665
2818612228,3634617577,2029323792,5943091,1954628633
2567380110,1679829907,2235604015,6789653,2547389580
3587148249,557002078,400044265,1384018,377804880
1849817961,3731584245,3383429428,6074347,1259489278
1788739249,885762204,112662825,4879880,2513892179
343507608,2126755877,4058887156,323300,2396765527
1443766254,200017853,2211671047,382563,977750320
21435488,2143814913,1751536937,438726,3931549318
963005218,1005522348,439867289,373762,1566687380
2726543882,1283491965,1983522060,3206549,4093841029
3732570312,3230934186,996922857,1874119,1786194127
3175174059,3400694122,257628559,1804064,107505112
1106582409,336264824,351550545,8325821,2948495865
4037551072,3947328084,1479645866,3617174,3482047976
3403965224,133346330,3686300587,36289,2672898919
3138147608,1471536094,2140481987,4917176,3739815003
4087132053,1206551592,3983426686,526960,3681743583
108387516,4123679100,1658504787,1503693,1028282953
3768293194,742483394,4092110007,11354725,183797908
196664397,496776146,3095658303,5483240,3836941749
4290402100,830113807,1817570655,5731567,2223119052
767743222,2320497807,3736646055,17265759,2947920918
3543676357,2123530843,962350383,3190337,776842738
1450404603,1302311433,737213628,4387244,429389594
2058481183,232491392,1870918322,7466926,185780433
2677131637,3469031374,774127552,4166769,3696936759
4217009242,4180385061,1567213106,1451059,1746563555
817798507,4085038246,1736718751,8111297,870739349
500648265,2763319945,3613556239,138811,226107191
757209541,4203730933,2267427321,305870,583066195
213569573,3295433504,1926205986,14298129,3390031047
3833751805,2933092551,644596931,906877,3727425991
1292729043,2175966352,1380676709,308941,960127075
1629505584,2039725275,2071823221,653709,4117270609
2046382863,3397895455,3083565256,5013388,2718522635
1905656821,2808965828,3442423714,10234024,1113717667
902236596,2252407679,1513297607,1506214,1548604767
3966143731,3770287424,1956638293,1224780,242500830
565904246,3663353510,1591391699,3637222,2057110763
2259513714,1340405140,1401150550,483272,2737791158
3962259917,537192309,2674409907,793681,970419887
2088532603,1580582141,2273007192,33054,1138629385
3561521569,1237262502,415410973,971625,2015109351
329420416,2555112447,3031987933,128794,923467604
3043905949,3175990494,1641720918,1313229,2659137573
3440042483,3980383397,1466080751,9988489,2851183243
2872282071,446159086,1708863570,17688299,209396078
3792044814,2820522627,213789545,15986987,3914628124
3421841247,1658009599,2268922617,11281001,3362895424
265896392,2432116547,2877592014,3886402,3147230960
2635775106,2434324437,2230507158,1061164,1617183042
3429756540,3728351763,4218526070,1244636,2441818383
1553744404,3026565803,3116259919,131094,953473565
1944606145,1113076278,2988412021,12172112,4119121583
1638687466,856725434,3293183640,1162077,3570959048
1333010804,690055371,2500706899,180796,4196432368
1937511844,34947275,521564874,4114082,2709516835
2408142671,310222233,214117869,2016336,2848554508
268649436,3415214794,3680625337,11863192,3501327856
2232646503,130618084,2270844615,215372,1183015569
2782886724,1127258462,2741877326,14067660,3470828355
2986185065,2946644885,273626186,6880500,185111927
565998632,819703504,1422502999,6674322,55714944
3897054718,398974378,3537152726,2837383,1358142871
3045001948,2291073329,4222771317,1933637,3512192055
2014237972,3201410225,809582784,6955054,1968705016
3168768021,195021505,411979229,5414408,2657536999
1715451410,4264611311,1152776760,311294,3106593403
3429412291,368638336,2357137510,1335167,2713371574
1581929946,1610899189,3603132872,65390,1149154877
2626316649,146570359,2078019482,18511024,2967504631
424998518,724627179,1819794981,2096770,3938618444
3659959985,3591623432,1634077343,91393,1014288016
279746254,635649706,3756963386,714795,2252908414
1960189242,1826481815,695905281,5302207,1654517938
20798491,3600650195,349804161,3182741,4026280592
3775994968,1551865222,3512060568,698132,1105144206
1707799441,2014851066,1379855669,2088817,3870558193
520191147,1579167637,2010709501,1436292,789934329
3794638186,2136725959,860932704,4404180,3154025874
1988984484,1419035285,2089248801,641302,2209953437
3247248219,2669276296,85389716,6621199,191099320
2641684311,1150987390,626399904,3863771,2933404603
2052736844,3766075510,333394555,343811,4195870775
3067118482,3036574292,3052452359,3154623,2131176029
255569676,105271127,102077668,229882,3829054132
46018718,123933164,571201777,1674110,141763660
2252480822,243669984,1806727110,1373964,3735701712
1867244499,3524089529,632804446,7086268,930343228
1375647901,2744784634,1614069228,4521277,3542653411
3406311829,2855693428,3457186229,3309617,4008086597
4193323446,856673102,284235623,163429,2966585103
3384397826,588563882,324017267,2708486,2191204914
1215660757,1630405701,2195299576,275634,2410470136
1658940393,1950231540,1022515737,5878049,2561074032
2225784483,739202622,1578398669,4513854,2529540721
1768294304,1326438745,2298985556,4121257,1107882080
2687652935,152838051,2398488637,1270540,2471893293
2368812724,2887947629,3053333086,5099353,1109465717
3890534245,292026742,2270153169,3353457,2581416235
425145542,430987369,112209387,3822898,1509365749
739202195,2690867412,1217369391,3194588,857120176
1159177824,2797017187,162927527,16461900,2367021279
2724105911,2792036804,531590224,2063413,4166417395
1215922395,4155950512,752787810,1359570,1950660983
2230199578,2820806606,1538558610,12618518,1088974097
987429490,1023355739,4175597574,8948510,4000382782
563624480,410131954,4003071952,1570381,549400204
2432584662,3937273986,1395188080,14793099,2853056674
